MeshCount: 1
TextureCount: 1
BoneCount: 0
AnimationCount: 0

VertexCount: 756
IndexCount: 1716
0.072606 0.027638 1.356071 0.975955 -0.217970 -0.000000 0.758402 0.236523
0.086724 0.089035 1.996535 0.998855 -0.047832 -0.000000 0.987391 0.213898
0.072606 0.027638 1.996535 0.977546 -0.210723 -0.000000 0.987165 0.238406
0.086724 0.089034 1.356071 0.989987 0.141157 -0.000000 0.758628 0.212014
0.067114 0.146363 1.996537 0.946175 0.323656 -0.000001 0.987604 0.191014
0.067114 0.146362 1.356073 0.946175 0.323656 -0.000001 0.758841 0.189130
0.067114 0.146362 1.356073 0.348971 0.937133 -0.000001 0.758841 0.189130
0.000000 0.171355 1.996537 0.123182 0.992384 -0.000001 0.987696 0.181037
0.067114 0.146363 1.996537 0.348971 0.937133 -0.000001 0.987604 0.191014
-0.000000 0.171354 1.356073 -0.123182 0.992384 -0.000001 0.758933 0.179154
-0.067114 0.146363 1.996537 -0.348971 0.937133 -0.000001 0.987604 0.191014
-0.067114 0.146362 1.356073 -0.348971 0.937133 -0.000001 0.758841 0.189130
-0.067114 0.146362 1.356073 -0.946174 0.323657 0.000000 0.758841 0.189130
-0.086724 0.089035 1.996537 -0.989987 0.141158 0.000000 0.987392 0.213898
-0.067114 0.146363 1.996537 -0.946174 0.323657 0.000000 0.987604 0.191014
-0.086724 0.089034 1.356073 -0.998855 -0.047832 0.000000 0.758629 0.212014
-0.072606 0.027638 1.996535 -0.975955 -0.217970 0.000000 0.987165 0.238406
-0.072606 0.027638 1.356071 -0.977546 -0.210723 0.000000 0.758402 0.236523
-0.062802 -0.019889 1.996535 -0.992339 -0.123547 0.000000 0.986989 0.257378
-0.062803 -0.019890 1.356071 -0.997687 -0.067980 0.000000 0.758226 0.255494
-0.060657 -0.099556 1.996537 -0.999637 -0.026924 0.000000 0.986695 0.289179
-0.060657 -0.099557 1.356073 -0.999637 -0.026924 0.000000 0.757932 0.287296
-0.060657 -0.099557 1.356073 -0.189036 -0.981970 0.000001 0.757932 0.287296
0.000000 -0.111233 1.996537 -0.064037 -0.997948 0.000001 0.986652 0.293840
-0.060657 -0.099556 1.996537 -0.189036 -0.981970 0.000001 0.986695 0.289179
-0.000000 -0.111234 1.356073 0.064038 -0.997948 0.000001 0.757889 0.291957
0.060657 -0.099556 1.996537 0.189036 -0.981970 0.000001 0.986696 0.289179
0.060657 -0.099557 1.356073 0.189036 -0.981970 0.000001 0.757932 0.287296
0.060657 -0.099557 1.356073 0.999637 -0.026924 -0.000000 0.757932 0.287296
0.062802 -0.019889 1.996535 0.997687 -0.067980 -0.000000 0.986989 0.257378
0.060657 -0.099556 1.996537 0.999637 -0.026924 -0.000000 0.986696 0.289179
0.062802 -0.019889 1.356071 0.992339 -0.123547 -0.000000 0.758226 0.255494
0.000000 0.037127 1.996537 0.000003 -0.000002 1.000000 0.821256 0.781339
0.072606 0.027638 1.996535 0.000024 -0.000002 1.000000 0.928562 0.792032
0.086724 0.089035 1.996535 0.000032 -0.000013 1.000000 0.949427 0.722845
0.067114 0.146363 1.996537 0.000016 -0.000010 1.000000 0.920445 0.658242
0.000000 0.171355 1.996537 0.000000 0.000000 1.000000 0.821256 0.630078
-0.067114 0.146363 1.996537 0.000000 0.000000 1.000000 0.722067 0.658242
-0.086724 0.089035 1.996537 -0.000009 -0.000014 1.000000 0.693085 0.722845
-0.072606 0.027638 1.996535 -0.000021 -0.000021 1.000000 0.713950 0.792032
-0.062802 -0.019889 1.996535 -0.000035 0.000007 1.000000 0.728439 0.845591
-0.060657 -0.099556 1.996537 -0.000016 0.000004 1.000000 0.731610 0.935368
0.000000 -0.111233 1.996537 -0.000003 -0.000003 1.000000 0.821256 0.948526
0.060657 -0.099556 1.996537 0.000013 0.000006 1.000000 0.910902 0.935368
0.062802 -0.019889 1.996535 0.000037 0.000010 1.000000 0.914073 0.845591
-0.000000 -0.111234 1.356073 -0.000003 0.000002 -1.000000 0.757889 0.291957
-0.060657 -0.099557 1.356073 -0.000004 -0.000020 -1.000000 0.757932 0.287296
-0.062803 -0.019890 1.356071 0.000008 -0.000011 -1.000000 0.758226 0.255494
-0.072606 0.027638 1.356071 0.000090 0.000036 -1.000000 0.758402 0.236523
-0.086724 0.089034 1.356073 0.000029 0.000013 -1.000000 0.758629 0.212014
-0.067114 0.146362 1.356073 -0.000001 0.000001 -1.000000 0.758841 0.189130
-0.000000 0.171354 1.356073 0.000000 0.000001 -1.000000 0.758933 0.179154
0.067114 0.146362 1.356073 -0.000019 0.000006 -1.000000 0.758841 0.189130
0.086724 0.089034 1.356071 -0.000051 0.000012 -1.000000 0.758628 0.212014
0.072606 0.027638 1.356071 -0.000025 0.000002 -1.000000 0.758402 0.236523
0.062802 -0.019889 1.356071 -0.000005 -0.000013 -1.000000 0.758226 0.255494
0.060657 -0.099557 1.356073 0.000007 -0.000022 -1.000000 0.757932 0.287296
0.045492 -0.479409 0.274463 0.000000 -1.000000 -0.000000 0.967623 0.373709
0.045492 -0.479409 0.544167 0.000000 -1.000000 -0.000000 0.529962 0.373709
-0.045493 -0.479409 0.544167 0.000000 -1.000000 -0.000000 0.529962 0.486194
-0.045493 -0.479409 0.274463 0.000000 -1.000000 -0.000000 0.967623 0.486194
0.045492 -0.479409 0.544167 0.000000 -0.535654 0.844438 0.425023 0.798896
0.045492 -0.098984 0.785483 0.000000 -0.535654 0.844438 0.425023 0.622211
-0.045493 -0.098984 0.785483 0.000000 -0.535654 0.844438 0.390189 0.622211
-0.045493 -0.479409 0.544167 0.000000 -0.535654 0.844438 0.390189 0.798896
0.045492 -0.098984 0.785483 0.000000 0.998460 0.055469 0.554129 0.285389
0.045492 -0.096145 0.734381 0.000000 0.998460 0.055469 0.535887 0.284106
-0.045493 -0.096145 0.734381 0.000000 0.998460 0.055469 0.535887 0.284106
-0.045493 -0.098984 0.785483 0.000000 0.998460 0.055469 0.554129 0.285389
0.045492 -0.096145 0.734381 0.000000 0.679042 -0.734100 0.535887 0.284106
0.045492 -0.209705 0.629338 0.000000 0.679042 -0.734100 0.497948 0.329127
-0.045493 -0.209705 0.629338 0.000000 0.679042 -0.734100 0.497948 0.329127
-0.045493 -0.096145 0.734381 0.000000 0.679042 -0.734100 0.535887 0.284106
0.045492 -0.209705 0.629338 0.000000 1.000000 0.000000 0.497948 0.329127
0.045492 -0.209705 0.527133 0.000000 1.000000 0.000000 0.461442 0.328827
-0.045493 -0.209705 0.527133 0.000000 1.000000 0.000000 0.461442 0.328827
-0.045493 -0.209705 0.629338 0.000000 1.000000 0.000000 0.497948 0.329127
0.045492 -0.209705 0.527133 0.000000 0.000000 1.000000 0.461442 0.328827
0.045492 -0.116018 0.527133 0.000000 0.000000 1.000000 0.461788 0.291429
-0.045493 -0.116018 0.527133 0.000000 0.000000 1.000000 0.461788 0.291429
-0.045493 -0.209705 0.527133 0.000000 0.000000 1.000000 0.461442 0.328827
0.045492 -0.116018 0.527133 0.000000 -0.707120 0.707094 0.461788 0.291429
0.045492 -0.084789 0.558363 0.000000 -0.707120 0.707094 0.473058 0.279055
-0.045493 -0.084789 0.558363 0.000000 -0.707120 0.707094 0.473058 0.279055
-0.045493 -0.116018 0.527133 0.000000 -0.707120 0.707094 0.461788 0.291429
0.045492 -0.084789 0.558363 0.000000 0.000000 1.000000 0.473058 0.279055
0.045492 0.037288 0.558363 0.000000 0.000000 1.000000 0.473509 0.230325
-0.045493 0.037288 0.558363 0.000000 0.000000 1.000000 0.473509 0.230325
-0.045493 -0.084789 0.558363 0.000000 0.000000 1.000000 0.473058 0.279055
0.045492 0.037288 0.558363 0.000000 0.998477 -0.055168 0.473509 0.230325
0.045492 0.025467 0.344425 0.000000 0.998477 -0.055168 0.397050 0.234414
-0.045493 0.025467 0.344425 0.000000 0.998477 -0.055168 0.397050 0.234414
-0.045493 0.037288 0.558363 0.000000 0.998477 -0.055168 0.473509 0.230325
0.045492 0.025467 0.344425 0.000000 0.464752 -0.885441 0.397050 0.234414
0.045492 -0.010877 0.325349 0.000000 0.464752 -0.885441 0.390102 0.248866
-0.045493 -0.010877 0.325349 0.000000 0.464752 -0.885441 0.390102 0.248866
-0.045493 0.025467 0.344425 0.000000 0.464752 -0.885441 0.397050 0.234414
0.045492 -0.010877 0.325349 0.000000 0.777886 -0.628405 0.390102 0.248866
0.045492 -0.046811 0.280867 0.000000 0.777886 -0.628405 0.374082 0.263079
-0.045493 -0.046811 0.280867 0.000000 0.777886 -0.628405 0.374082 0.263079
-0.045493 -0.010877 0.325349 0.000000 0.777886 -0.628405 0.390102 0.248866
0.045492 -0.046811 0.280867 0.000000 0.014803 -0.999890 0.425023 0.597979
0.045492 -0.479409 0.274463 0.000000 0.014803 -0.999890 0.425023 0.798896
-0.045493 -0.479409 0.274463 0.000000 0.014803 -0.999890 0.390189 0.798896
-0.045493 -0.046811 0.280867 0.000000 0.014803 -0.999890 0.390189 0.597979
0.045492 -0.479409 0.544167 1.000000 0.000000 0.000000 0.466530 0.436537
0.045492 -0.096145 0.734381 1.000000 0.000000 0.000000 0.535887 0.284106
0.045492 -0.098984 0.785483 1.000000 0.000000 0.000000 0.554129 0.285389
0.045492 -0.209705 0.629338 1.000000 0.000000 0.000000 0.497948 0.329127
0.045492 -0.209705 0.527133 1.000000 0.000000 0.000000 0.461442 0.328827
0.045492 -0.479409 0.274463 1.000000 0.000000 0.000000 0.370197 0.435744
0.045492 -0.046811 0.280867 1.000000 0.000000 0.000000 0.374082 0.263079
0.045492 -0.116018 0.527133 1.000000 0.000000 0.000000 0.461788 0.291429
0.045492 -0.010877 0.325349 1.000000 0.000000 0.000000 0.390102 0.248866
0.045492 -0.084789 0.558363 1.000000 0.000000 0.000000 0.473058 0.279055
0.045492 0.025467 0.344425 1.000000 0.000000 0.000000 0.397050 0.234414
0.045492 0.037288 0.558363 1.000000 0.000000 0.000000 0.473509 0.230325
-0.045493 -0.479409 0.544167 -1.000000 -0.000000 -0.000000 0.466530 0.436537
-0.045493 -0.098984 0.785483 -1.000000 -0.000000 -0.000000 0.554129 0.285389
-0.045493 -0.096145 0.734381 -1.000000 -0.000000 -0.000000 0.535887 0.284106
-0.045493 -0.209705 0.629338 -1.000000 -0.000000 -0.000000 0.497948 0.329127
-0.045493 -0.209705 0.527133 -1.000000 -0.000000 -0.000000 0.461442 0.328827
-0.045493 -0.479409 0.274463 -1.000000 -0.000000 -0.000000 0.370197 0.435744
-0.045493 -0.046811 0.280867 -1.000000 -0.000000 -0.000000 0.374082 0.263079
-0.045493 -0.116018 0.527133 -1.000000 -0.000000 -0.000000 0.461788 0.291429
-0.045493 -0.010877 0.325349 -1.000000 -0.000000 -0.000000 0.390102 0.248866
-0.045493 -0.084789 0.558363 -1.000000 -0.000000 -0.000000 0.473058 0.279055
-0.045493 0.037288 0.558363 -1.000000 -0.000000 -0.000000 0.473509 0.230325
-0.045493 0.025467 0.344425 -1.000000 -0.000000 -0.000000 0.397050 0.234414
0.007582 0.083180 0.145187 0.000000 -0.225892 -0.974152 0.326099 0.210791
0.007582 0.030650 0.157367 0.000000 -0.225892 -0.974152 0.330256 0.231795
-0.007582 0.030650 0.157367 0.000000 -0.225892 -0.974152 0.330256 0.231795
-0.007582 0.083180 0.145187 0.000000 -0.225892 -0.974152 0.326099 0.210791
0.007582 0.030650 0.157367 0.000000 -0.440904 -0.897554 0.330256 0.231795
0.007582 -0.012743 0.178684 0.000000 -0.440904 -0.897554 0.337709 0.249180
-0.007582 -0.012743 0.178684 0.000000 -0.440904 -0.897554 0.337709 0.249180
-0.007582 0.030650 0.157367 0.000000 -0.440904 -0.897554 0.330256 0.231795
0.007582 -0.012743 0.178684 0.000000 0.097887 0.995198 0.337709 0.249180
0.007582 0.033695 0.174116 0.000000 0.097887 0.995198 0.336249 0.230629
-0.007582 0.033695 0.174116 0.000000 0.097887 0.995198 0.336249 0.230629
-0.007582 -0.012743 0.178684 0.000000 0.097887 0.995198 0.337709 0.249180
0.007582 0.033695 0.174116 0.000000 -0.143430 0.989661 0.336249 0.230629
0.007582 0.086225 0.181729 0.000000 -0.143430 0.989661 0.339162 0.209683
-0.007582 0.086225 0.181729 0.000000 -0.143430 0.989661 0.339162 0.209683
-0.007582 0.033695 0.174116 0.000000 -0.143430 0.989661 0.336249 0.230629
0.007582 0.030650 0.157367 1.000000 0.000000 0.000000 0.330256 0.231795
0.007582 0.033695 0.174116 1.000000 0.000000 0.000000 0.336249 0.230629
0.007582 -0.012743 0.178684 1.000000 0.000000 0.000000 0.337709 0.249180
0.007582 0.083180 0.145187 1.000000 0.000000 0.000000 0.326099 0.210791
0.007582 0.086225 0.181729 1.000000 0.000000 0.000000 0.339162 0.209683
-0.007582 0.030650 0.157367 -1.000000 -0.000000 -0.000000 0.330256 0.231795
-0.007582 -0.012743 0.178684 -1.000000 -0.000000 -0.000000 0.337709 0.249180
-0.007582 0.033695 0.174116 -1.000000 -0.000000 -0.000000 0.336249 0.230629
-0.007582 0.086225 0.181729 -1.000000 -0.000000 -0.000000 0.339162 0.209683
-0.007582 0.083180 0.145187 -1.000000 -0.000000 -0.000000 0.326099 0.210791
0.060657 0.273017 -0.250196 0.996914 0.078502 -0.000000 0.185576 0.133849
0.052530 0.308817 1.927773 0.931369 0.364077 -0.000000 0.963642 0.125963
0.060657 0.273017 1.927773 0.996648 -0.081809 0.000000 0.963510 0.140254
0.052530 0.308816 -0.250196 0.862053 0.506819 -0.000000 0.185708 0.119559
0.030328 0.335592 1.927774 0.636519 0.771261 -0.000000 0.963741 0.115275
0.030328 0.335591 -0.250196 0.460857 0.887474 -0.000000 0.185807 0.108871
-0.000000 0.343718 1.927774 0.088962 0.996035 -0.000000 0.963771 0.112031
-0.000000 0.343718 -0.250196 -0.088962 0.996035 -0.000000 0.185837 0.105627
-0.030328 0.335592 1.927774 -0.460857 0.887474 -0.000000 0.963741 0.115275
-0.030328 0.335591 -0.250196 -0.636519 0.771261 -0.000000 0.185807 0.108871
-0.052530 0.308817 1.927773 -0.862053 0.506818 -0.000000 0.963642 0.125963
-0.052530 0.308816 -0.250196 -0.931369 0.364077 -0.000000 0.185708 0.119559
-0.060657 0.273017 1.927773 -0.996914 0.078502 -0.000000 0.963510 0.140254
-0.060657 0.273017 -0.250196 -0.996648 -0.081809 0.000000 0.185576 0.133849
-0.052530 0.241416 1.927774 -0.923398 -0.383844 0.000000 0.963394 0.152868
-0.052530 0.241416 -0.250196 -0.864177 -0.503188 0.000000 0.185459 0.146463
-0.030328 0.212109 1.927773 -0.667766 -0.744371 0.000000 0.963285 0.164567
-0.030328 0.212109 -0.250196 -0.486671 -0.873585 0.000000 0.185351 0.158162
-0.000000 0.203682 1.927773 -0.092218 -0.995739 0.000000 0.963254 0.167930
-0.000000 0.203682 -0.250196 0.092218 -0.995739 0.000000 0.185320 0.161526
0.030328 0.212109 1.927773 0.486671 -0.873585 0.000000 0.963285 0.164567
0.030328 0.212109 -0.250196 0.667766 -0.744371 0.000000 0.185351 0.158162
0.052530 0.241416 1.927774 0.864177 -0.503188 0.000000 0.963394 0.152868
0.052530 0.241416 -0.250196 0.923398 -0.383844 0.000000 0.185459 0.146463
-0.000000 0.273017 1.927773 0.000000 -0.000003 1.000000 0.144927 0.867985
0.060657 0.273017 1.927773 0.000000 0.000003 1.000000 0.260261 0.867985
0.052530 0.308817 1.927773 0.000002 -0.000002 1.000000 0.244809 0.810373
0.030328 0.335592 1.927774 0.000001 -0.000004 1.000000 0.202594 0.767284
-0.000000 0.343718 1.927774 0.000000 -0.000003 1.000000 0.144927 0.754206
-0.030328 0.335592 1.927774 -0.000001 -0.000004 1.000000 0.087261 0.767284
-0.052530 0.308817 1.927773 -0.000002 -0.000002 1.000000 0.045046 0.810373
-0.060657 0.273017 1.927773 0.000000 0.000003 1.000000 0.029594 0.867985
-0.052530 0.241416 1.927774 0.000004 -0.000001 1.000000 0.045046 0.918840
-0.030328 0.212109 1.927773 0.000006 -0.000006 1.000000 0.087261 0.966004
-0.000000 0.203682 1.927773 0.000000 -0.000006 1.000000 0.144928 0.979564
0.030328 0.212109 1.927773 -0.000006 -0.000006 1.000000 0.202594 0.966004
0.052530 0.241416 1.927774 -0.000004 -0.000001 1.000000 0.244809 0.918840
-0.073395 0.091289 1.361757 -0.996035 0.088962 0.000000 0.760667 0.211131
-0.063562 0.127987 0.726567 -0.907073 0.420974 0.000000 0.533924 0.194614
-0.073395 0.091290 0.726567 -0.996035 -0.088962 0.000000 0.533788 0.209263
-0.063562 0.127987 1.361757 -0.818110 0.575061 0.000000 0.760803 0.196482
-0.036697 0.154851 0.726567 -0.575061 0.818110 0.000000 0.534023 0.183890
-0.036697 0.154851 1.361757 -0.420974 0.907073 0.000000 0.760902 0.185758
-0.000000 0.164684 0.726567 -0.088962 0.996035 0.000000 0.534059 0.179965
0.000000 0.164684 1.361757 0.088962 0.996035 0.000000 0.760938 0.181833
0.036697 0.154851 0.726567 0.420974 0.907073 0.000000 0.534023 0.183891
0.036697 0.154851 1.361757 0.575061 0.818110 0.000000 0.760902 0.185758
0.063561 0.127987 0.726567 0.818110 0.575061 -0.000000 0.533924 0.194614
0.063562 0.127987 1.361757 0.907073 0.420974 -0.000000 0.760803 0.196482
0.073394 0.091290 0.726567 0.996035 0.088962 -0.000000 0.533788 0.209263
0.073395 0.091289 1.361757 0.996035 -0.088962 -0.000000 0.760667 0.211131
0.063561 0.054592 0.726567 0.907073 -0.420974 -0.000000 0.533653 0.223912
0.063562 0.054592 1.361757 0.818110 -0.575061 -0.000000 0.760532 0.225780
0.036697 0.027728 0.726568 0.575061 -0.818111 -0.000000 0.533554 0.234635
0.036697 0.027728 1.361757 0.420974 -0.907073 -0.000000 0.760433 0.236503
-0.000000 0.017895 0.726568 0.088962 -0.996035 -0.000000 0.533517 0.238560
0.000000 0.017895 1.361757 -0.088962 -0.996035 -0.000000 0.760397 0.240429
-0.036697 0.027728 0.726567 -0.420974 -0.907073 -0.000000 0.533553 0.234635
-0.036697 0.027728 1.361757 -0.575061 -0.818111 -0.000000 0.760433 0.236503
-0.063562 0.054592 0.726567 -0.818110 -0.575061 0.000000 0.533653 0.223912
-0.063562 0.054592 1.361757 -0.907073 -0.420974 0.000000 0.760532 0.225780
-0.000000 0.091290 0.726567 0.000000 -0.000001 -1.000000 0.533788 0.209263
-0.073395 0.091290 0.726567 0.000000 -0.000001 -1.000000 0.533788 0.209263
-0.063562 0.127987 0.726567 0.000000 0.000000 -1.000000 0.533924 0.194614
-0.036697 0.154851 0.726567 0.000000 0.000000 -1.000000 0.534023 0.183890
-0.000000 0.164684 0.726567 0.000000 0.000000 -1.000000 0.534059 0.179965
0.036697 0.154851 0.726567 0.000000 0.000000 -1.000000 0.534023 0.183891
0.063561 0.127987 0.726567 0.000000 0.000000 -1.000000 0.533924 0.194614
0.073394 0.091290 0.726567 -0.000000 -0.000001 -1.000000 0.533788 0.209263
0.063561 0.054592 0.726567 -0.000001 -0.000004 -1.000000 0.533653 0.223912
0.036697 0.027728 0.726568 -0.000001 -0.000005 -1.000000 0.533554 0.234635
-0.000000 0.017895 0.726568 0.000003 -0.000004 -1.000000 0.533517 0.238560
-0.036697 0.027728 0.726567 0.000003 -0.000002 -1.000000 0.533553 0.234635
-0.063562 0.054592 0.726567 -0.000000 -0.000001 -1.000000 0.533653 0.223912
0.027954 -0.132187 -0.947667 -0.000000 -0.992278 0.124036 0.539797 0.899702
0.032224 -0.131654 -0.943398 0.000006 -0.992278 0.124035 0.542419 0.899337
0.032224 -0.127513 -0.910270 -0.000000 -0.995958 0.089822 0.562761 0.896506
-0.032224 -0.127513 -0.910270 0.000000 -0.996025 0.089078 0.562761 0.896506
-0.032224 -0.131654 -0.943399 -0.000000 -0.992278 0.124035 0.542418 0.899337
-0.027956 -0.132187 -0.947667 0.000000 -0.992277 0.124040 0.539797 0.899702
-0.032224 -0.122838 -0.844825 0.000000 -0.997459 0.071247 0.602927 0.893460
0.032224 -0.122838 -0.844825 0.000000 -0.997459 0.071247 0.602927 0.893460
-0.032224 0.185688 -0.844825 0.000000 -0.000001 1.000000 0.604883 0.669314
-0.032224 -0.122838 -0.844825 0.000000 -0.000001 1.000000 0.602927 0.893460
0.032224 -0.122838 -0.844825 0.000000 -0.000001 1.000000 0.602927 0.893460
0.032224 0.185688 -0.844825 0.000000 -0.000001 1.000000 0.604883 0.669314
-0.032224 0.190363 -0.760681 0.000000 -0.998460 0.055470 0.656516 0.666368
-0.032224 0.185688 -0.844825 0.000000 -0.998460 0.055470 0.604883 0.669314
0.032224 0.185688 -0.844825 0.000000 -0.998460 0.055470 0.604883 0.669314
0.032224 0.190363 -0.760681 0.000000 -0.998460 0.055470 0.656516 0.666368
-0.032224 0.260483 -0.751332 0.000000 -0.132162 0.991228 0.006532 0.137379
-0.032224 0.190363 -0.760681 0.000000 -0.132162 0.991228 0.002933 0.165341
0.032224 0.190363 -0.760681 0.000000 -0.132162 0.991228 0.002933 0.165341
0.032224 0.260483 -0.751332 0.000000 -0.132162 0.991228 0.006532 0.137379
-0.032224 0.260483 -0.681213 0.000000 -1.000000 0.000000 0.031577 0.137585
-0.032224 0.260483 -0.751332 0.000000 -1.000000 0.000000 0.006532 0.137379
0.032224 0.260483 -0.751332 0.000000 -1.000000 0.000000 0.006532 0.137379
0.032224 0.260483 -0.681213 0.000000 -1.000000 0.000000 0.031577 0.137585
0.032224 0.353976 -0.943398 0.000000 1.000000 0.000000 0.545498 0.546525
0.018605 0.353976 -0.957017 0.000000 1.000000 0.000000 0.537145 0.546452
0.007582 0.353976 -0.957017 0.000000 1.000000 0.000000 0.537145 0.546452
0.032224 0.353976 -0.676538 0.000000 1.000000 0.000000 0.709157 0.547953
0.007582 0.353976 -0.676538 0.000000 1.000000 0.000000 0.709157 0.547953
0.032224 0.260483 -0.751332 1.000000 0.000000 -0.000000 0.662694 0.615476
0.032224 0.347785 -0.943398 1.000000 0.000000 -0.000000 0.545458 0.551022
0.032224 0.353976 -0.943398 1.000000 0.000000 -0.000000 0.545498 0.546525
0.032224 0.353976 -0.676538 1.000000 0.000000 -0.000000 0.709157 0.547953
0.032224 0.260483 -0.681213 1.000000 -0.000000 0.000000 0.705697 0.615851
0.032224 0.185688 -0.844825 1.000000 0.000000 -0.000000 0.604883 0.669314
0.032224 0.333547 -0.943398 1.000000 0.000000 -0.000000 0.545368 0.561367
0.032224 0.190363 -0.760681 1.000000 0.000000 0.000000 0.656516 0.666368
0.032224 -0.122838 -0.844825 1.000000 0.000000 0.000000 0.602927 0.893460
0.032224 -0.127513 -0.910270 1.000000 0.000000 -0.000000 0.562761 0.896506
0.032224 0.213699 -0.943398 1.000000 0.000000 -0.000000 0.544608 0.648436
-0.032224 0.213716 -0.943399 -1.000000 -0.000000 -0.000000 0.544607 0.648424
-0.032224 -0.127513 -0.910270 -1.000000 -0.000000 -0.000000 0.562761 0.896506
-0.032224 -0.122838 -0.844825 -1.000000 -0.000000 -0.000000 0.602927 0.893460
-0.032224 0.185688 -0.844825 -1.000000 -0.000000 -0.000000 0.604883 0.669314
-0.032224 0.333550 -0.943399 -1.000000 -0.000000 -0.000000 0.545367 0.561365
-0.032224 0.260483 -0.751332 -1.000000 -0.000000 -0.000000 0.662694 0.615476
-0.032224 0.347786 -0.943399 -1.000000 0.000000 0.000000 0.545457 0.551022
-0.032224 0.190363 -0.760681 -1.000000 0.000000 0.000000 0.656516 0.666368
-0.032224 0.260483 -0.681213 -1.000000 0.000000 -0.000000 0.705697 0.615851
-0.032224 0.353976 -0.676538 -1.000000 -0.000000 -0.000000 0.709157 0.547953
-0.032224 0.353976 -0.943399 -1.000000 -0.000000 -0.000000 0.545496 0.546525
-0.032224 -0.131654 -0.943399 -1.000000 -0.000000 -0.000000 0.542418 0.899337
-0.018607 0.353976 -0.957017 -0.707103 -0.000000 -0.707111 0.537145 0.546452
-0.027956 -0.132187 -0.947667 -0.707096 -0.000001 -0.707118 0.539797 0.899702
-0.032224 -0.131654 -0.943399 -0.707102 -0.000000 -0.707111 0.542418 0.899337
-0.032224 0.213716 -0.943399 -0.707105 -0.000000 -0.707108 0.544607 0.648424
-0.032224 0.333550 -0.943399 -0.707105 -0.000000 -0.707108 0.545367 0.561365
-0.032224 0.347786 -0.943399 -0.707105 0.000000 -0.707108 0.545457 0.551022
-0.032224 0.353976 -0.943399 -0.707105 0.000000 -0.707108 0.545496 0.546525
0.032224 -0.131654 -0.943398 1.000000 0.000000 -0.000000 0.542419 0.899337
0.027954 -0.132187 -0.947667 0.707100 -0.000000 -0.707114 0.539797 0.899702
0.018605 0.353976 -0.957017 0.707104 -0.000000 -0.707109 0.537145 0.546452
0.032224 0.353976 -0.943398 0.707104 -0.000000 -0.707109 0.545498 0.546525
0.032224 0.347785 -0.943398 0.707088 0.000000 -0.707126 0.545458 0.551022
0.032224 0.333547 -0.943398 0.707086 0.000000 -0.707128 0.545368 0.561367
0.032224 0.213699 -0.943398 0.707086 0.000000 -0.707127 0.544608 0.648436
0.032224 -0.131654 -0.943398 0.707086 0.000000 -0.707127 0.542419 0.899337
0.007582 0.344320 -0.956831 0.000009 -0.019227 -0.999815 0.537198 0.553468
0.007582 0.353976 -0.957017 0.000000 -0.019202 -0.999816 0.537145 0.546452
0.018605 0.353976 -0.957017 0.000021 -0.019227 -0.999815 0.537145 0.546452
0.027954 -0.132187 -0.947667 0.000003 -0.019228 -0.999815 0.539797 0.899702
-0.007582 0.344320 -0.956831 -0.000003 -0.019228 -0.999815 0.537198 0.553468
-0.027956 -0.132187 -0.947667 -0.000004 -0.019228 -0.999815 0.539797 0.899702
-0.018607 0.353976 -0.957017 -0.000021 -0.019227 -0.999815 0.537145 0.546452
-0.007582 0.353976 -0.957017 0.000000 -0.019202 -0.999816 0.537145 0.546452
-0.007582 0.353976 -0.957017 0.000000 1.000000 0.000000 0.537145 0.546452
-0.018607 0.353976 -0.957017 0.000000 1.000000 0.000000 0.537145 0.546452
-0.032224 0.353976 -0.943399 0.000000 1.000000 0.000000 0.545496 0.546525
-0.032224 0.353976 -0.676538 0.000000 1.000000 0.000000 0.709157 0.547953
-0.007582 0.353976 -0.676538 0.000000 1.000000 0.000000 0.709157 0.547953
0.007582 0.344320 -0.677021 0.000000 1.000000 -0.000000 0.708799 0.554966
0.007582 0.344320 -0.956831 0.000000 1.000000 -0.000000 0.537198 0.553468
-0.007582 0.344320 -0.956831 0.000000 1.000000 -0.000000 0.537198 0.553468
-0.007582 0.344320 -0.677021 0.000000 1.000000 -0.000000 0.708799 0.554966
-0.007582 0.344320 -0.677021 1.000000 0.000000 0.000000 0.708799 0.554966
-0.007582 0.344320 -0.956831 1.000000 0.000000 0.000000 0.537198 0.553468
-0.007582 0.353976 -0.957017 1.000000 0.000000 0.000000 0.537145 0.546452
-0.007582 0.353976 -0.676538 1.000000 -0.000000 0.000000 0.709157 0.547953
0.007582 0.353976 -0.676538 -1.000000 0.000000 -0.000000 0.709157 0.547953
0.007582 0.353976 -0.957017 -1.000000 -0.000000 -0.000000 0.537145 0.546452
0.007582 0.344320 -0.956831 -1.000000 0.000000 -0.000000 0.537198 0.553468
0.007582 0.344320 -0.677021 -1.000000 0.000000 -0.000000 0.708799 0.554966
0.035058 0.111004 1.156495 0.946984 -0.321280 -0.000000 0.687424 0.202658
0.063806 0.195739 1.112704 0.946984 -0.321280 -0.000000 0.672095 0.168704
0.063806 0.195739 1.307097 0.946984 -0.321280 -0.000000 0.741530 0.169276
0.035058 0.111004 1.263305 0.946984 -0.321280 -0.000000 0.725575 0.202972
-0.035058 0.111004 1.156495 -0.946984 -0.321280 -0.000000 0.687424 0.202658
-0.035058 0.111004 1.263305 -0.946984 -0.321280 -0.000000 0.725575 0.202972
-0.063806 0.195739 1.307097 -0.946984 -0.321280 -0.000000 0.741530 0.169276
-0.063806 0.195739 1.112704 -0.946984 -0.321280 -0.000000 0.672095 0.168704
0.035058 0.111004 1.263305 0.000000 -0.459120 0.888374 0.725575 0.202972
0.063806 0.195739 1.307097 0.000000 -0.459120 0.888374 0.741530 0.169276
-0.063806 0.195739 1.307097 0.000000 -0.459120 0.888374 0.741530 0.169276
-0.035058 0.111004 1.263305 0.000000 -0.459120 0.888374 0.725575 0.202972
0.063806 0.195739 1.112704 0.000000 -0.459119 -0.888375 0.672095 0.168704
0.035058 0.111004 1.156495 0.000000 -0.459119 -0.888375 0.687424 0.202658
-0.035058 0.111004 1.156495 0.000000 -0.459119 -0.888375 0.687424 0.202658
-0.063806 0.195739 1.112704 0.000000 -0.459119 -0.888375 0.672095 0.168704
0.036125 0.190304 1.318625 0.000000 -1.000000 0.000000 0.745627 0.171479
0.036125 0.190304 1.399075 0.000000 -1.000000 0.000000 0.774362 0.171716
-0.036125 0.190304 1.399075 0.000000 -1.000000 0.000000 0.774362 0.171716
-0.036125 0.190304 1.318625 0.000000 -1.000000 0.000000 0.745627 0.171479
0.036125 0.190304 1.399075 0.000000 -0.829176 -0.558988 0.774362 0.171716
0.044363 0.139632 1.474240 0.000000 -0.829176 -0.558988 0.801023 0.192164
-0.044363 0.139632 1.474240 0.000000 -0.829176 -0.558988 0.801023 0.192164
-0.036125 0.190304 1.399075 0.000000 -0.829176 -0.558988 0.774362 0.171716
0.044363 0.139632 1.976790 0.000000 0.484655 0.874706 0.454453 0.975005
0.023316 0.242005 1.920067 0.000000 0.484655 0.874706 0.423349 0.859641
-0.023317 0.242005 1.920067 0.000000 0.484655 0.874706 0.354429 0.859641
-0.044363 0.139632 1.976790 0.000000 0.484655 0.874706 0.323324 0.975005
0.036125 0.190304 1.399075 0.981267 0.192634 0.002550 0.774362 0.171716
0.044363 0.139632 1.976790 0.981750 0.190158 0.002681 0.980525 0.193642
0.044363 0.139632 1.474240 0.987043 0.160457 0.000000 0.801023 0.192164
0.023316 0.242005 1.920067 0.975893 0.218236 0.002336 0.960643 0.152610
0.036125 0.190304 1.318625 0.970654 0.240479 -0.000000 0.745627 0.171479
0.023316 0.242005 1.285608 0.970654 0.240479 0.000000 0.734025 0.150745
-0.036125 0.190304 1.399075 -0.981267 0.192633 0.002550 0.774362 0.171716
-0.044363 0.139632 1.474240 -0.987043 0.160457 -0.000000 0.801023 0.192164
-0.044363 0.139632 1.976790 -0.981750 0.190158 0.002681 0.980525 0.193642
-0.023317 0.242005 1.920067 -0.975893 0.218236 0.002336 0.960643 0.152610
-0.023317 0.242005 1.285608 -0.970654 0.240479 -0.000000 0.734025 0.150745
-0.036125 0.190304 1.318625 -0.970654 0.240479 -0.000000 0.745627 0.171479
0.026939 0.301989 1.922618 0.996035 0.088962 -0.000001 0.961776 0.128673
0.023330 0.315459 1.975828 0.907073 0.420974 -0.000002 0.980831 0.123453
0.026939 0.301989 1.975828 0.996035 -0.088962 -0.000000 0.980781 0.128830
0.023330 0.315459 1.922618 0.818110 0.575061 -0.000002 0.961826 0.123297
0.013470 0.325320 1.975828 0.575061 0.818111 -0.000002 0.980868 0.119517
0.013470 0.325320 1.922618 0.420973 0.907073 -0.000002 0.961862 0.119361
-0.000000 0.328929 1.975828 0.088961 0.996035 -0.000002 0.980881 0.118076
-0.000000 0.328929 1.922618 -0.088962 0.996035 -0.000002 0.961875 0.117920
-0.013470 0.325320 1.975828 -0.420972 0.907073 -0.000001 0.980868 0.119517
-0.013470 0.325320 1.922618 -0.575060 0.818111 -0.000001 0.961862 0.119360
-0.023330 0.315459 1.975828 -0.818111 0.575061 -0.000001 0.980831 0.123453
-0.023330 0.315459 1.922618 -0.907073 0.420974 -0.000000 0.961826 0.123297
-0.026940 0.301989 1.975828 -0.996035 0.088962 0.000001 0.980781 0.128830
-0.026940 0.301989 1.922618 -0.996035 -0.088962 0.000001 0.961776 0.128673
-0.023330 0.288520 1.975828 -0.907073 -0.420974 0.000002 0.980732 0.134207
-0.023330 0.288520 1.922618 -0.818110 -0.575061 0.000002 0.961726 0.134050
-0.013470 0.278659 1.975828 -0.575061 -0.818111 0.000002 0.980695 0.138143
-0.013470 0.278659 1.922618 -0.420974 -0.907073 0.000002 0.961690 0.137986
-0.000000 0.275050 1.975828 -0.088962 -0.996035 0.000002 0.980682 0.139583
-0.000000 0.275050 1.922618 0.088962 -0.996035 0.000002 0.961676 0.139427
0.013470 0.278659 1.975828 0.420974 -0.907073 0.000002 0.980695 0.138143
0.013470 0.278659 1.922618 0.575061 -0.818111 0.000001 0.961690 0.137986
0.023330 0.288520 1.975828 0.818110 -0.575061 0.000001 0.980732 0.134207
0.023330 0.288520 1.922618 0.907073 -0.420974 0.000000 0.961726 0.134050
-0.000000 0.301989 1.975828 0.000000 0.000000 1.000000 0.154589 0.584989
0.026939 0.301989 1.975828 0.000000 0.000000 1.000000 0.290356 0.584989
0.023330 0.315459 1.975828 0.000000 0.000000 1.000000 0.272167 0.520190
0.013470 0.325320 1.975828 0.000000 0.000000 1.000000 0.222473 0.472755
-0.000000 0.328929 1.975828 0.000000 0.000000 1.000000 0.154589 0.455391
-0.013470 0.325320 1.975828 0.000000 0.000000 1.000000 0.086706 0.472755
-0.023330 0.315459 1.975828 0.000000 0.000000 1.000000 0.037012 0.520190
-0.026940 0.301989 1.975828 0.000000 0.000000 1.000000 0.018822 0.584989
-0.023330 0.288520 1.975828 0.000000 0.000000 1.000000 0.037012 0.649788
-0.013470 0.278659 1.975828 0.000000 0.000000 1.000000 0.086706 0.697224
-0.000000 0.275050 1.975828 0.000000 0.000000 1.000000 0.154589 0.714587
0.013470 0.278659 1.975828 0.000000 0.000000 1.000000 0.222473 0.697224
0.023330 0.288520 1.975828 0.000000 0.000000 1.000000 0.272167 0.649788
-0.032223 0.106219 -0.620443 0.000000 -0.650792 -0.759256 0.052713 0.199342
-0.032223 0.171664 -0.676539 0.000000 -0.650792 -0.759256 0.032919 0.173053
0.032224 0.171664 -0.676539 0.000000 -0.650792 -0.759256 0.032919 0.173053
0.032224 0.106219 -0.620443 0.000000 -0.650792 -0.759256 0.052713 0.199342
-0.032223 0.101545 -0.162328 0.000000 -0.998387 -0.056780 0.216328 0.202556
-0.032223 0.106219 -0.620443 0.000000 -0.999948 -0.010203 0.052713 0.199342
0.032224 0.106219 -0.620443 0.000000 -0.999948 -0.010203 0.052713 0.199342
0.032224 0.101545 -0.162328 0.000000 -0.986808 -0.161898 0.216328 0.202556
-0.032223 0.054798 -0.092208 0.000000 -0.832050 -0.554700 0.241200 0.221422
0.032224 0.054798 -0.092208 0.000000 -0.832050 -0.554700 0.241200 0.221422
-0.032223 -0.043370 -0.138954 0.000000 0.516493 -0.856291 0.224141 0.260471
-0.032223 0.054798 -0.092208 0.000000 0.429934 -0.902860 0.241200 0.221422
0.032224 0.054798 -0.092208 0.000000 0.429934 -0.902860 0.241200 0.221422
0.032224 -0.043370 -0.138954 0.000000 0.589695 -0.807626 0.224141 0.260471
-0.032223 -0.141537 -0.223098 0.000000 0.650791 -0.759257 0.193724 0.299410
0.032224 -0.141537 -0.223098 0.000000 0.650791 -0.759257 0.193724 0.299410
-0.032223 -0.225681 -0.213749 0.000000 -0.110431 -0.993884 0.196752 0.333026
-0.032223 -0.141537 -0.223098 0.000000 -0.110431 -0.993884 0.193724 0.299410
0.032224 -0.141537 -0.223098 0.000000 -0.110431 -0.993884 0.193724 0.299410
0.032224 -0.225681 -0.213749 0.000000 -0.110431 -0.993884 0.196752 0.333026
-0.032223 -0.319174 -0.087533 0.000000 -0.803557 -0.595228 0.241489 0.370717
-0.032223 -0.225681 -0.213749 0.000000 -0.803557 -0.595228 0.196752 0.333026
0.032224 -0.225681 -0.213749 0.000000 -0.803557 -0.595228 0.196752 0.333026
0.032224 -0.319174 -0.087533 0.000000 -0.803557 -0.595228 0.241489 0.370717
-0.032223 -0.267753 -0.026763 0.000000 -0.524097 0.851659 0.263385 0.350370
-0.032223 -0.319174 -0.087533 0.000000 -0.763386 0.645943 0.241489 0.370717
0.032224 -0.319174 -0.087533 0.000000 -0.763386 0.645943 0.241489 0.370717
0.032224 -0.267753 -0.026763 0.000000 -0.332125 0.943236 0.263385 0.350370
-0.032223 -0.127513 0.001285 -0.000769 -0.376030 0.926607 0.273921 0.294472
0.032224 -0.127513 0.001285 0.000904 -0.526478 0.850188 0.273921 0.294472
-0.032223 -0.239705 0.520171 0.000000 0.000001 -1.000000 0.458844 0.340782
-0.032223 -0.052719 0.520171 0.000000 0.000001 -1.000000 0.459535 0.266141
0.032224 -0.052719 0.520171 0.000000 0.000001 -1.000000 0.459535 0.266141
0.032224 -0.239705 0.520171 0.000000 0.000001 -1.000000 0.458844 0.340782
-0.032223 -0.104140 0.637037 0.000000 0.000000 1.000000 0.501088 0.287011
-0.032223 -0.239705 0.637037 0.000000 0.000000 1.000000 0.500587 0.341125
0.032224 -0.239705 0.637037 0.000000 0.000000 1.000000 0.500587 0.341125
0.032224 -0.104140 0.637037 0.000000 0.000000 1.000000 0.501088 0.287011
0.032224 -0.104140 0.637037 0.000000 -1.000000 0.000000 0.501088 0.287011
0.032224 -0.104140 0.786752 0.000000 -1.000000 0.000000 0.554563 0.287451
0.014258 -0.104140 0.786752 0.199647 -0.979868 0.000000 0.554563 0.287451
-0.032223 -0.104140 0.637037 0.000000 -1.000000 0.000000 0.501088 0.287011
-0.032223 0.199712 0.721181 0.000000 0.384615 0.923077 0.532265 0.165967
-0.032223 0.143616 0.744554 0.000000 0.384615 0.923077 0.540406 0.188428
0.032224 0.143616 0.744554 0.000000 0.384615 0.923077 0.540406 0.188428
0.032224 0.199712 0.721181 0.000000 0.384615 0.923077 0.532265 0.165967
-0.022006 0.006127 0.310697 -0.000851 0.659752 -0.751483 0.384932 0.242035
0.022005 0.006127 0.310697 0.000000 0.660337 -0.750970 0.384932 0.242035
0.022005 -0.030160 0.265650 -0.000585 0.963764 -0.266756 0.368708 0.256388
-0.022006 -0.030157 0.265853 -0.001170 0.963763 -0.266756 0.368780 0.256387
-0.022006 0.083708 0.329466 0.000000 0.000000 -1.000000 0.391922 0.211122
0.022005 0.083708 0.329466 0.000000 0.000000 -1.000000 0.391922 0.211122
0.022005 0.042415 0.329466 0.000000 0.235152 -0.971959 0.391770 0.227605
-0.022006 0.042415 0.329466 0.000000 0.235152 -0.971959 0.391770 0.227605
-0.022006 0.063687 0.107987 0.000000 -0.800001 0.599998 0.312740 0.218462
0.022005 0.063687 0.107987 0.000000 -0.800001 0.599998 0.312740 0.218462
0.022005 0.082456 0.133013 0.000000 -0.995939 0.090029 0.321748 0.211044
-0.022006 0.082456 0.133013 0.000000 -0.995939 0.090028 0.321748 0.211044
-0.022006 -0.008888 0.124254 -0.000001 0.748188 0.663487 0.318282 0.247481
0.022005 -0.008888 0.124254 -0.000000 0.748187 0.663488 0.318282 0.247481
0.022005 0.026148 0.104233 -0.000001 0.218712 0.975789 0.311260 0.233436
-0.022006 0.026148 0.104233 -0.000003 0.218712 0.975789 0.311260 0.233436
-0.022006 -0.052718 0.346408 0.000015 -0.999831 -0.018397 0.397470 0.265630
-0.022006 -0.043602 0.085196 -0.000000 -0.999392 -0.034879 0.304203 0.261223
0.022005 -0.043602 0.085196 0.000015 -0.999392 -0.034876 0.304203 0.261223
0.022005 -0.052717 0.346407 0.000013 -0.999816 -0.019177 0.397470 0.265629
-0.032223 -0.052719 0.520171 0.000005 -1.000000 -0.000002 0.459535 0.266141
-0.032223 -0.052719 0.346408 0.000038 -1.000000 -0.000000 0.397470 0.265630
0.032224 -0.052719 0.520171 -0.000003 -1.000000 -0.000006 0.459535 0.266141
0.022005 -0.032663 0.170552 -0.000000 0.972387 0.233373 0.334731 0.257107
-0.022006 -0.032663 0.170552 -0.000024 0.996872 0.079038 0.334731 0.257107
-0.022006 -0.052718 0.346408 -0.000014 0.000000 -1.000000 0.397470 0.265630
-0.032223 -0.052719 0.346408 -0.000047 -0.000002 -1.000000 0.397470 0.265630
-0.032224 0.022969 0.346408 -0.000044 -0.000001 -1.000000 0.397749 0.235417
-0.032224 0.049218 0.346408 -0.000017 0.000002 -1.000000 0.397846 0.224939
-0.032224 0.088725 0.346408 -0.000098 -0.000004 -1.000000 0.397992 0.209169
-0.032223 0.128478 0.346408 -0.000001 0.000000 -1.000000 0.398139 0.193300
-0.022006 0.128478 0.346408 0.000040 0.000003 -1.000000 0.398139 0.193300
-0.022006 0.128478 0.084963 -0.011400 0.000678 0.999935 0.304755 0.192532
-0.032223 0.128479 0.084962 -0.000102 0.000015 1.000000 0.304755 0.192531
-0.032224 0.066911 0.084963 -0.000067 0.000009 1.000000 0.304528 0.217107
-0.032224 0.028959 0.084963 -0.000011 -0.000000 1.000000 0.304388 0.232257
-0.032224 -0.043594 0.084963 -0.017383 -0.246125 0.969082 0.304120 0.261219
-0.022006 -0.043602 0.085196 -0.003917 -0.647431 0.762114 0.304203 0.261223
-0.032223 0.128479 0.084962 -0.000078 -1.000000 -0.000001 0.304755 0.192531
-0.022006 0.128478 0.084963 -0.000104 -1.000000 0.000000 0.304755 0.192532
-0.022006 0.128478 0.346408 -0.000078 -1.000000 -0.000001 0.398139 0.193300
-0.032223 0.128478 0.346408 -0.000051 -1.000000 -0.000002 0.398139 0.193300
0.022005 -0.043602 0.085196 0.006513 -0.490896 0.871194 0.304203 0.261223
0.032224 -0.043594 0.084963 0.021874 -0.310626 0.950281 0.304120 0.261219
-0.022006 0.083708 0.329466 0.000000 -0.999980 0.006369 0.391922 0.211122
0.022005 0.083708 0.329466 0.000000 -0.999980 0.006369 0.391922 0.211122
-0.022006 0.063687 0.107987 -0.000001 -0.099503 0.995037 0.312740 0.218462
0.022005 0.063687 0.107987 0.000000 -0.099501 0.995037 0.312740 0.218462
0.032224 0.128479 0.084963 0.011406 0.000677 0.999935 0.304755 0.192531
0.022005 0.128478 0.084963 0.000056 0.001351 0.999999 0.304755 0.192532
0.032224 0.128479 0.346407 0.000104 -1.000000 0.000000 0.398139 0.193300
0.022005 0.128478 0.346408 0.000105 -1.000000 -0.000000 0.398139 0.193300
0.022005 0.128478 0.084963 0.000104 -1.000000 0.000000 0.304755 0.192532
0.032224 0.128479 0.084963 0.000103 -1.000000 0.000000 0.304755 0.192531
0.032224 0.007825 0.346408 0.000008 0.000000 -1.000000 0.397693 0.241462
0.032224 -0.052719 0.346408 0.000085 -0.000002 -1.000000 0.397470 0.265630
0.022005 -0.052717 0.346407 0.000055 0.000003 -1.000000 0.397470 0.265629
0.022005 0.128478 0.346408 -0.000007 0.000000 -1.000000 0.398139 0.193300
0.032224 0.128479 0.346407 -0.000085 -0.000006 -1.000000 0.398139 0.193300
0.032224 0.128479 0.084963 1.000000 -0.000000 0.000000 0.304755 0.192531
0.032224 0.101545 -0.162328 1.000000 0.000000 0.000000 0.216328 0.202556
0.032224 0.199712 0.721181 1.000000 -0.000000 0.000000 0.532265 0.165967
0.032224 -0.052719 0.346408 -0.000168 -1.000000 -0.000000 0.397470 0.265630
-0.014256 -0.104140 0.786752 -0.176534 -0.984294 0.000000 0.554564 0.287451
-0.032223 -0.104140 0.786752 0.000000 -1.000000 0.000000 0.554563 0.287451
0.014258 -0.104140 1.370957 0.287955 -0.957644 0.000000 0.763232 0.289169
-0.014256 -0.104140 1.370957 -0.367323 -0.930094 0.000000 0.763232 0.289169
-0.045493 -0.086173 1.370957 -0.498592 -0.866837 0.000000 0.763298 0.281997
-0.045493 -0.086173 0.786752 -0.498591 -0.866837 0.000000 0.554630 0.280279
-0.014256 -0.104140 0.786752 -0.000016 -0.000012 1.000000 0.554564 0.287451
-0.045493 -0.086173 0.786752 -0.413620 -0.305479 -0.857672 0.554630 0.280279
-0.032223 -0.104140 0.786752 -0.413620 -0.305479 -0.857672 0.554563 0.287451
0.032224 -0.104140 0.786752 0.413611 -0.305472 -0.857679 0.554563 0.287451
0.045492 -0.086174 0.786752 0.413611 -0.305472 -0.857679 0.554630 0.280280
0.014258 -0.104140 0.786752 0.000000 0.000000 1.000000 0.554563 0.287451
0.045492 -0.086174 0.786752 0.498596 -0.866834 0.000000 0.554630 0.280280
0.045492 -0.086174 1.370957 0.498597 -0.866834 0.000000 0.763298 0.281998
0.032224 -0.267753 -0.026763 1.000000 -0.000000 -0.000000 0.263385 0.350370
0.032224 -0.319174 -0.087533 1.000000 -0.000000 -0.000000 0.241489 0.370717
0.032224 -0.225681 -0.213749 1.000000 0.000000 -0.000000 0.196752 0.333026
0.032224 -0.141537 -0.223098 1.000000 0.000000 -0.000000 0.193724 0.299410
0.032224 -0.043370 -0.138954 1.000000 0.000000 0.000000 0.224141 0.260471
0.032224 -0.127513 0.001285 1.000000 0.000000 0.000000 0.273921 0.294472
0.045492 0.056631 0.744554 0.999584 -0.004841 -0.028424 0.540085 0.223151
0.032224 -0.104140 0.637037 0.999126 -0.041055 -0.007919 0.501088 0.287011
0.032224 -0.052719 0.520171 0.998930 -0.043149 -0.016623 0.459535 0.266141
0.032224 0.128479 0.346407 1.000000 -0.000000 0.000000 0.398139 0.193300
0.032224 -0.239705 0.520171 1.000000 0.000000 -0.000000 0.458844 0.340782
0.032224 -0.239705 0.637037 1.000000 0.000000 -0.000000 0.500587 0.341125
0.032224 -0.043594 0.084963 1.000000 -0.000000 0.000000 0.304120 0.261219
0.032224 0.054798 -0.092208 1.000000 -0.000000 -0.000000 0.241200 0.221422
0.032224 0.106219 -0.620443 1.000000 -0.000000 0.000000 0.052713 0.199342
0.032224 0.171664 -0.676539 1.000000 -0.000000 0.000000 0.032919 0.173053
0.032224 -0.052719 0.346408 1.000000 0.000000 0.000000 0.397470 0.265630
0.032224 0.007825 0.346408 0.999645 0.020047 -0.017541 0.397693 0.241462
0.022005 0.128478 0.346408 1.000000 -0.000000 -0.000000 0.398139 0.193300
0.022005 -0.052717 0.346407 1.000000 0.000000 -0.000000 0.397470 0.265629
0.022005 0.042415 0.329466 1.000000 0.000000 -0.000000 0.391770 0.227605
0.022005 0.083708 0.329466 1.000000 -0.000000 -0.000000 0.391922 0.211122
0.022005 0.006127 0.310697 1.000000 0.000000 0.000000 0.384932 0.242035
0.022005 -0.030160 0.265650 1.000000 -0.000000 0.000000 0.368708 0.256388
0.022005 -0.043602 0.085196 1.000000 -0.000000 -0.000000 0.304203 0.261223
0.022005 -0.032663 0.170552 1.000000 -0.000000 -0.000000 0.334731 0.257107
0.022005 0.082456 0.133013 1.000000 -0.000000 0.000000 0.321748 0.211044
0.022005 0.128478 0.084963 1.000000 0.000000 -0.000000 0.304755 0.192532
0.022005 0.063687 0.107987 1.000000 0.000000 -0.000000 0.312740 0.218462
0.022005 0.026148 0.104233 1.000000 -0.000000 0.000000 0.311260 0.233436
0.022005 -0.008888 0.124254 1.000000 -0.000000 -0.000000 0.318282 0.247481
0.057700 0.056631 1.370957 0.998973 -0.044185 -0.010073 0.763825 0.224993
0.045492 -0.086174 1.370957 0.996366 -0.085171 0.000000 0.763298 0.281998
0.045492 -0.086174 0.786752 0.998973 -0.044185 -0.010073 0.554630 0.280280
0.045492 0.056631 0.744554 0.999794 -0.005757 -0.019484 0.540085 0.223151
0.045492 0.056631 0.744554 0.358232 -0.264572 -0.895361 0.540085 0.223151
0.032224 -0.104140 0.786752 0.996612 -0.082252 0.000000 0.554563 0.287451
0.032224 0.143616 0.744554 0.995721 0.087465 -0.029831 0.540406 0.188428
-0.032223 -0.319174 -0.087533 -1.000000 -0.000000 -0.000000 0.241489 0.370717
-0.032223 -0.267753 -0.026763 -1.000000 -0.000000 -0.000000 0.263385 0.350370
-0.032223 -0.225681 -0.213749 -1.000000 -0.000000 -0.000000 0.196752 0.333026
-0.032223 -0.043370 -0.138954 -1.000000 -0.000000 -0.000001 0.224141 0.260471
-0.032223 -0.141537 -0.223098 -1.000000 -0.000000 -0.000000 0.193724 0.299410
-0.032223 -0.127513 0.001285 -1.000000 -0.000000 -0.000000 0.273921 0.294472
-0.032223 -0.104140 0.637037 -0.999125 -0.041056 -0.007919 0.501088 0.287011
-0.045493 0.056631 0.744554 -0.999584 -0.004840 -0.028426 0.540085 0.223151
-0.032223 -0.052719 0.520171 -0.998930 -0.043148 -0.016624 0.459535 0.266141
-0.032223 0.128478 0.346408 -1.000000 -0.000003 0.000001 0.398139 0.193300
-0.032223 0.199712 0.721181 -1.000000 -0.000001 0.000000 0.532265 0.165967
-0.032223 0.128479 0.084962 -1.000000 0.000000 -0.000000 0.304755 0.192531
-0.032223 -0.239705 0.520171 -1.000000 0.000000 -0.000000 0.458844 0.340782
-0.032223 -0.239705 0.637037 -1.000000 0.000000 -0.000000 0.500587 0.341125
-0.032224 -0.043594 0.084963 -1.000000 0.000000 -0.000001 0.304120 0.261219
-0.032223 0.054798 -0.092208 -1.000000 -0.000000 -0.000001 0.241200 0.221422
-0.032223 0.106219 -0.620443 -1.000000 -0.000000 -0.000000 0.052713 0.199342
-0.032223 0.171664 -0.676539 -1.000000 -0.000000 -0.000000 0.032919 0.173053
-0.032223 -0.052719 0.346408 -1.000000 0.000009 0.000000 0.397470 0.265630
-0.032223 0.007825 0.346408 -0.999645 0.020047 -0.017542 0.397693 0.241462
-0.022006 -0.052718 0.346408 -1.000000 0.000000 -0.000000 0.397470 0.265630
-0.022006 0.128478 0.346408 -1.000000 -0.000000 -0.000000 0.398139 0.193300
-0.022006 0.042415 0.329466 -1.000000 0.000000 -0.000000 0.391770 0.227605
-0.022006 0.083708 0.329466 -1.000000 -0.000000 -0.000000 0.391922 0.211122
-0.022006 0.006127 0.310697 -1.000000 -0.000000 -0.000000 0.384932 0.242035
-0.022006 -0.030157 0.265853 -1.000000 0.000000 -0.000000 0.368780 0.256387
-0.022006 -0.043602 0.085196 -1.000000 0.000000 -0.000000 0.304203 0.261223
-0.022006 -0.032663 0.170552 -1.000000 -0.000000 0.000000 0.334731 0.257107
-0.022006 0.082456 0.133013 -1.000000 -0.000000 0.000000 0.321748 0.211044
-0.022006 0.128478 0.084963 -1.000000 0.000000 -0.000000 0.304755 0.192532
-0.022006 0.063687 0.107987 -1.000000 0.000000 -0.000000 0.312740 0.218462
-0.022006 0.026148 0.104233 -1.000000 -0.000000 -0.000000 0.311260 0.233436
-0.022006 -0.008888 0.124254 -1.000000 -0.000000 -0.000000 0.318282 0.247481
-0.045493 -0.086173 1.370957 -0.996367 -0.085168 0.000000 0.763298 0.281997
-0.057700 0.056631 1.370957 -0.998973 -0.044183 -0.010073 0.763825 0.224993
-0.045493 -0.086173 0.786752 -0.998973 -0.044183 -0.010073 0.554630 0.280279
-0.045493 0.056631 0.744554 -0.999794 -0.005756 -0.019483 0.540085 0.223151
-0.045493 0.056631 0.744554 -0.358233 -0.264573 -0.895360 0.540085 0.223151
-0.032223 -0.104140 0.786752 -0.996611 -0.082255 0.000000 0.554563 0.287451
-0.032223 0.143616 0.744554 -0.995720 0.087469 -0.029833 0.540406 0.188428
-0.032223 0.101545 -0.162328 -1.000000 0.000000 -0.000000 0.216328 0.202556
-0.037241 0.381012 -0.519405 -0.994248 0.101549 -0.034045 0.089817 0.089948
-0.037576 0.373850 -0.569538 -0.998909 0.046707 -0.000000 0.071884 0.092659
-0.047287 0.166158 -0.594604 -0.999279 0.008408 -0.037013 0.062164 0.175492
-0.028701 0.563638 -0.014498 -0.998909 0.046707 -0.000000 0.270836 0.018532
-0.033725 0.456211 0.199323 -0.998909 0.046707 -0.000000 0.346813 0.062044
-0.033725 0.456211 0.930859 -0.998909 0.046707 -0.000000 0.608105 0.064195
-0.028701 0.563638 1.009640 -0.997384 0.064120 -0.033377 0.636641 0.021544
-0.086460 0.230614 0.558445 -0.999746 0.000467 -0.022514 0.474252 0.153153
-0.089474 0.166158 0.690939 -0.998585 -0.043945 -0.029931 0.521339 0.179272
-0.088302 0.191225 0.726749 -0.975072 0.221502 0.013123 0.534222 0.169372
-0.084987 0.262125 0.585630 -0.976002 0.202919 0.079021 0.484079 0.140655
-0.035734 0.413240 0.930859 -0.981911 0.187809 -0.024031 0.607947 0.081348
-0.088302 0.191225 1.321178 -0.983190 0.180112 -0.029967 0.746542 0.171120
-0.035734 0.413240 0.716005 -0.972019 0.231949 0.037145 0.531204 0.080716
-0.066460 0.230614 -0.143411 -0.998215 -0.050962 -0.031131 0.223561 0.151089
-0.065791 0.244938 -0.207868 -0.998830 -0.021215 -0.043468 0.200591 0.145182
-0.063781 0.287909 -0.232934 -0.998082 0.028318 -0.055052 0.191796 0.127955
-0.062274 0.320137 -0.232934 -0.989872 0.129839 -0.057404 0.191915 0.115090
-0.033725 0.456211 -0.125507 -0.995678 0.092460 -0.008763 0.230789 0.061089
-0.027864 0.581543 -0.347522 -0.998909 0.046708 0.000000 0.151952 0.010406
-0.027864 0.581543 -0.050307 -0.998909 0.046708 -0.000000 0.258112 0.011280
0.037576 0.373850 -0.569538 0.998909 0.046710 -0.000003 0.071884 0.092659
0.037241 0.381012 -0.519405 0.994248 0.101548 -0.034044 0.089817 0.089948
0.047287 0.166158 -0.594604 0.999279 0.008415 -0.037013 0.062164 0.175492
0.033725 0.456211 0.199323 0.998909 0.046708 0.000000 0.346813 0.062044
0.028702 0.563638 -0.014498 0.998909 0.046708 0.000000 0.270836 0.018532
0.033725 0.456211 0.930859 0.998909 0.046708 0.000000 0.608105 0.064195
0.028702 0.563638 1.009640 0.997384 0.064120 -0.033377 0.636641 0.021544
0.089474 0.166158 0.690939 0.998586 -0.043931 -0.029932 0.521339 0.179272
0.086460 0.230614 0.558445 0.999746 0.000463 -0.022516 0.474252 0.153153
0.088302 0.191225 0.726749 0.975072 0.221502 0.013123 0.534222 0.169372
0.084987 0.262125 0.585630 0.976002 0.202919 0.079021 0.484079 0.140655
0.035734 0.413240 0.930859 0.981912 0.187809 -0.024031 0.607947 0.081348
0.088302 0.191225 1.321178 0.983190 0.180111 -0.029967 0.746542 0.171120
0.035734 0.413240 0.716005 0.972019 0.231948 0.037145 0.531204 0.080716
0.066459 0.230614 -0.143411 0.998216 -0.050952 -0.031131 0.223561 0.151089
0.065791 0.244938 -0.207868 0.998829 -0.021230 -0.043464 0.200591 0.145182
0.063781 0.287909 -0.232934 0.998082 0.028319 -0.055050 0.191796 0.127955
0.062274 0.320137 -0.232934 0.989872 0.129837 -0.057403 0.191915 0.115090
0.033725 0.456211 -0.125507 0.995678 0.092459 -0.008763 0.230789 0.061089
0.027865 0.581543 -0.347522 0.998909 0.046708 -0.000000 0.151952 0.010406
0.027865 0.581543 -0.050307 0.998909 0.046708 -0.000000 0.258112 0.011280
0.047287 0.166158 -0.594604 -0.000000 -0.999993 0.003720 0.062164 0.175492
0.089474 0.166158 0.690939 -0.000000 -0.999327 0.036685 0.521339 0.179272
-0.089474 0.166158 0.690939 -0.000000 -0.999922 0.012527 0.521339 0.179272
-0.047287 0.166158 -0.594604 0.000000 -0.999827 0.018581 0.062164 0.175492
0.088302 0.191225 0.726749 0.000000 -0.999791 0.020464 0.534222 0.169372
-0.088302 0.191225 0.726749 -0.000000 -0.997146 0.075498 0.534222 0.169372
0.088302 0.191225 1.321178 0.000000 -1.000000 0.000000 0.746542 0.171120
-0.088302 0.191225 1.321178 0.000000 -1.000000 0.000000 0.746542 0.171120
0.028702 0.563638 1.009640 -0.000005 1.000000 0.000000 0.636641 0.021544
0.028702 0.563638 -0.014498 -0.000011 0.999857 0.016890 0.270836 0.018532
0.015164 0.563638 -0.014498 -0.000005 0.999866 0.016385 0.270836 0.018532
0.015164 0.563638 1.009640 0.000000 1.000000 0.000000 0.636641 0.021544
0.027865 0.581543 -0.050307 -0.000001 0.995072 0.099158 0.258112 0.011280
0.015164 0.581543 -0.050307 0.000000 0.999597 0.028398 0.258112 0.011280
0.027865 0.581543 -0.347522 0.000000 1.000000 -0.000000 0.151952 0.010406
0.015164 0.581543 -0.347522 0.000000 1.000000 -0.000000 0.151952 0.010406
0.037241 0.381012 -0.519405 0.000000 0.989950 -0.141421 0.089817 0.089948
0.037576 0.373850 -0.569538 0.000000 0.989950 -0.141421 0.071884 0.092659
-0.037576 0.373850 -0.569538 0.000000 0.989950 -0.141421 0.071884 0.092659
-0.037241 0.381012 -0.519405 0.000001 0.989949 -0.141421 0.089817 0.089948
0.037576 0.373850 -0.569538 0.000000 0.124036 0.992278 0.071884 0.092659
0.036236 0.402498 -0.573119 0.000000 0.124036 0.992278 0.070711 0.081214
-0.036236 0.402498 -0.573119 0.000000 0.124036 0.992278 0.070711 0.081214
-0.037576 0.373850 -0.569538 0.000000 0.124036 0.992278 0.071884 0.092659
0.036236 0.402498 -0.573119 0.000000 0.992278 -0.124035 0.437376 0.777802
0.036906 0.388174 -0.687708 0.000000 0.992278 -0.124035 0.437915 0.681136
-0.036906 0.388174 -0.687708 0.000000 0.992278 -0.124035 0.378509 0.681136
-0.036236 0.402498 -0.573119 0.000000 0.992278 -0.124035 0.379048 0.777802
0.036906 0.388174 -0.687708 0.000000 0.164398 -0.986394 0.029729 0.086594
0.047957 0.151835 -0.727097 0.000000 0.164398 -0.986394 0.014787 0.180820
-0.047957 0.151835 -0.727097 0.000000 0.164398 -0.986394 0.014787 0.180820
-0.036906 0.388174 -0.687708 0.000000 0.164398 -0.986394 0.029729 0.086594
0.047957 0.151835 -0.727097 0.000000 -0.994207 0.107482 0.014787 0.180820
-0.047957 0.151835 -0.727097 0.000000 -0.994207 0.107482 0.014787 0.180820
0.036906 0.388174 -0.687708 0.998909 0.046709 -0.000004 0.029729 0.086594
0.036236 0.402498 -0.573119 0.998908 0.046727 -0.000002 0.070711 0.081214
0.047957 0.151835 -0.727097 0.998909 0.046708 -0.000004 0.014787 0.180820
-0.036906 0.388174 -0.687708 -0.998909 0.046707 -0.000000 0.029729 0.086594
-0.047957 0.151835 -0.727097 -0.998909 0.046707 -0.000000 0.014787 0.180820
-0.036236 0.402498 -0.573119 -0.998909 0.046708 -0.000000 0.070711 0.081214
-0.086460 0.230614 0.558445 0.000000 1.000000 -0.000000 0.474252 0.153153
0.086460 0.230614 0.558445 0.000000 1.000000 -0.000000 0.474252 0.153153
0.066459 0.230614 -0.143411 0.000000 0.999964 0.008529 0.223561 0.151089
-0.066460 0.230614 -0.143411 0.000000 0.999411 0.034316 0.223561 0.151089
-0.062274 0.320137 -0.232934 -0.000000 -0.564753 0.825260 0.191915 0.115090
0.062274 0.320137 -0.232934 -0.000000 -0.470798 0.882241 0.191915 0.115090
0.033725 0.456211 -0.125507 -0.000000 -0.619645 0.784883 0.230789 0.061089
-0.033725 0.456211 -0.125507 0.000000 -0.619645 0.784883 0.230789 0.061089
0.033725 0.456211 0.930859 0.000000 -1.000000 0.000000 0.608105 0.064195
-0.033725 0.456211 0.930859 0.000000 -1.000000 0.000000 0.608105 0.064195
-0.033725 0.456211 0.199323 0.000000 -1.000000 0.000000 0.346813 0.062044
-0.033725 0.456211 -0.125507 0.000000 -1.000000 0.000000 0.230789 0.061089
0.033725 0.456211 -0.125507 0.000000 -1.000000 0.000000 0.230789 0.061089
0.033725 0.456211 0.199323 -0.000000 -1.000000 0.000000 0.346813 0.062044
-0.065791 0.244938 -0.207868 0.000000 0.503871 0.863779 0.200591 0.145182
0.065791 0.244938 -0.207868 0.000000 0.503871 0.863779 0.200591 0.145182
0.063781 0.287909 -0.232934 0.000000 0.391955 0.919985 0.191796 0.127955
-0.063781 0.287909 -0.232934 0.000000 0.228768 0.973481 0.191796 0.127955
0.065791 0.244938 -0.207868 0.000000 0.976187 0.216930 0.200591 0.145182
-0.065791 0.244938 -0.207868 0.000000 0.976187 0.216930 0.200591 0.145182
-0.084987 0.262125 0.585630 0.000000 0.653233 -0.757157 0.377589 0.735172
-0.035734 0.413240 0.716005 0.000000 0.653234 -0.757156 0.394404 0.664987
0.035734 0.413240 0.716005 0.000000 0.653234 -0.757156 0.418804 0.664987
0.084987 0.262125 0.585630 0.000000 0.653233 -0.757157 0.435620 0.735172
0.086460 0.230614 0.558445 0.000000 0.653232 -0.757158 0.436123 0.749806
-0.086460 0.230614 0.558445 0.000000 0.653232 -0.757158 0.377086 0.749806
-0.033725 0.456211 0.930859 0.000000 0.000000 -1.000000 0.608105 0.064195
0.033725 0.456211 0.930859 0.000000 0.000000 -1.000000 0.608105 0.064195
0.035734 0.413240 0.930859 0.000000 0.000000 -1.000000 0.607947 0.081348
-0.035734 0.413240 0.930859 0.000000 0.000000 -1.000000 0.607947 0.081348
-0.035734 0.413240 0.930859 0.000000 1.000000 0.000000 0.607947 0.081348
0.035734 0.413240 0.930859 0.000000 1.000000 0.000000 0.607947 0.081348
0.035734 0.413240 0.716005 0.000000 1.000000 0.000000 0.531204 0.080716
-0.035734 0.413240 0.716005 0.000000 1.000000 0.000000 0.531204 0.080716
-0.015164 0.535527 1.033156 -0.000000 0.641634 0.767011 0.397634 0.521253
-0.015164 0.563638 1.009640 0.000005 0.641636 0.767009 0.397634 0.498049
-0.028701 0.563638 1.009640 -0.000001 0.641634 0.767011 0.390347 0.498049
-0.088302 0.191225 1.321178 -0.000000 0.641634 0.767011 0.358265 0.805434
0.015164 0.535527 1.033156 0.000000 0.641634 0.767011 0.413960 0.521253
0.088302 0.191225 1.321178 0.000000 0.641634 0.767011 0.453329 0.805434
0.028702 0.563638 1.009640 0.000004 0.641635 0.767010 0.421247 0.498049
0.015164 0.563638 1.009640 0.000000 0.641636 0.767009 0.413960 0.498049
0.015164 0.535527 -0.386964 0.000000 0.650791 -0.759257 0.417445 0.639416
0.015164 0.581543 -0.347522 0.000000 0.650792 -0.759256 0.417445 0.592367
0.027865 0.581543 -0.347522 0.000000 0.650791 -0.759257 0.425180 0.592367
0.037241 0.381012 -0.519405 0.000000 0.650791 -0.759257 0.430891 0.797397
-0.015164 0.535527 -0.386964 0.000000 0.650791 -0.759256 0.398975 0.639416
-0.037241 0.381012 -0.519405 0.000000 0.650792 -0.759256 0.385530 0.797397
-0.027864 0.581543 -0.347522 0.000000 0.650792 -0.759256 0.391240 0.592367
-0.015164 0.581543 -0.347522 0.000000 0.650792 -0.759256 0.398975 0.592367
-0.028701 0.563638 -0.014498 0.000009 0.999963 0.008591 0.270836 0.018532
-0.028701 0.563638 1.009640 0.000007 1.000000 0.000000 0.636641 0.021544
-0.015164 0.563638 1.009640 0.000009 1.000000 0.000000 0.636641 0.021544
-0.015164 0.563638 -0.014498 0.000011 0.999497 0.031717 0.270836 0.018532
-0.027864 0.581543 -0.050307 0.000005 0.995072 0.099158 0.258112 0.011280
-0.015164 0.581543 -0.050307 0.000002 0.999597 0.028397 0.258112 0.011280
-0.027864 0.581543 -0.347522 0.000002 1.000000 -0.000000 0.151952 0.010406
-0.015164 0.581543 -0.347522 0.000000 1.000000 -0.000000 0.151952 0.010406
0.015164 0.563638 -0.014498 -1.000000 0.000000 -0.000000 0.270836 0.018532
0.015164 0.581543 -0.050307 -1.000000 -0.000000 -0.000000 0.258112 0.011280
0.015164 0.581543 -0.347522 -1.000000 -0.000000 -0.000000 0.151952 0.010406
0.015164 0.535527 -0.386964 -1.000000 0.000000 -0.000000 0.137694 0.028659
0.015164 0.535527 1.033156 -1.000000 0.000000 -0.000000 0.644937 0.032835
0.015164 0.563638 1.009640 -1.000000 0.000000 -0.000000 0.636641 0.021544
0.015164 0.535527 1.033156 0.000000 1.000000 0.000000 0.644937 0.032835
0.015164 0.535527 -0.386964 0.000000 1.000000 0.000000 0.137694 0.028659
-0.015164 0.535527 -0.386964 0.000000 1.000000 0.000000 0.137694 0.028659
-0.015164 0.535527 1.033156 0.000000 1.000000 0.000000 0.644937 0.032835
-0.015164 0.581543 -0.347522 1.000000 -0.000000 0.000000 0.151952 0.010406
-0.015164 0.581543 -0.050307 1.000000 0.000000 0.000000 0.258112 0.011280
-0.015164 0.563638 -0.014498 1.000000 0.000000 0.000000 0.270836 0.018532
-0.015164 0.535527 -0.386964 1.000000 0.000000 0.000000 0.137694 0.028659
-0.015164 0.563638 1.009640 1.000000 0.000000 0.000000 0.636641 0.021544
-0.015164 0.535527 1.033156 1.000000 0.000000 0.000000 0.644937 0.032835
0 1 2
0 3 1
3 4 1
3 5 4
6 7 8
6 9 7
9 10 7
9 11 10
12 13 14
12 15 13
15 16 13
15 17 16
17 18 16
17 19 18
19 20 18
19 21 20
22 23 24
22 25 23
25 26 23
25 27 26
28 29 30
28 31 29
31 2 29
31 0 2
32 33 34
32 34 35
32 35 36
32 36 37
32 37 38
32 38 39
32 39 40
32 40 41
32 41 42
32 42 43
32 43 44
32 44 33
45 46 47
45 47 48
45 48 49
45 49 50
45 50 51
45 51 52
45 52 53
45 53 54
45 54 55
45 55 56
57 58 59
57 59 60
61 62 63
61 63 64
65 66 67
65 67 68
69 70 71
69 71 72
73 74 75
73 75 76
77 78 79
77 79 80
81 82 83
81 83 84
85 86 87
85 87 88
89 90 91
89 91 92
93 94 95
93 95 96
97 98 99
97 99 100
101 102 103
101 103 104
105 106 107
105 108 106
105 109 108
110 109 105
111 109 110
111 112 109
113 112 111
114 115 116
112 115 114
113 115 112
117 118 119
117 119 120
117 120 121
122 117 121
123 122 121
123 121 124
125 123 124
126 127 128
124 126 128
125 124 128
129 130 131
129 131 132
133 134 135
133 135 136
137 138 139
137 139 140
141 142 143
141 143 144
145 146 147
146 148 149
146 145 148
150 151 152
152 153 154
152 154 150
155 156 157
155 158 156
158 159 156
158 160 159
160 161 159
160 162 161
162 163 161
162 164 163
164 165 163
164 166 165
166 167 165
166 168 167
168 169 167
168 170 169
170 171 169
170 172 171
172 173 171
172 174 173
174 175 173
174 176 175
176 177 175
176 178 177
178 157 177
178 155 157
179 180 181
179 181 182
179 182 183
179 183 184
179 184 185
179 185 186
179 186 187
179 187 188
179 188 189
179 189 190
179 190 191
179 191 180
192 193 194
192 195 193
195 196 193
195 197 196
197 198 196
197 199 198
199 200 198
199 201 200
201 202 200
201 203 202
203 204 202
203 205 204
205 206 204
205 207 206
207 208 206
207 209 208
209 210 208
209 211 210
211 212 210
211 213 212
213 214 212
213 215 214
215 194 214
215 192 194
216 217 218
216 218 219
216 219 220
216 220 221
216 221 222
216 222 223
216 223 224
216 224 225
216 225 226
216 226 227
216 227 228
216 228 217
229 230 231
231 232 233
229 231 233
229 233 234
235 232 231
231 236 235
237 238 239
239 240 237
241 242 243
243 244 241
245 246 247
247 248 245
249 250 251
251 252 249
253 254 255
256 253 255
257 256 255
258 259 260
258 260 261
258 261 262
263 264 259
263 259 258
263 258 265
263 266 267
267 268 264
263 267 264
269 270 271
269 271 272
269 272 273
274 275 273
274 273 272
274 272 276
274 277 278
274 278 279
274 279 275
280 270 269
281 282 283
281 283 284
281 284 285
281 285 286
281 286 287
268 267 288
289 290 291
289 291 292
289 292 293
289 293 294
289 294 295
296 297 298
296 298 299
300 296 299
300 299 301
300 301 302
300 302 303
304 305 306
306 307 308
304 306 308
309 310 311
311 312 309
313 314 315
315 316 313
317 318 319
319 320 317
321 322 323
323 324 321
325 326 327
327 328 325
329 330 331
331 332 329
333 334 335
335 336 333
337 338 339
337 339 340
341 342 343
341 343 344
345 346 347
345 347 348
349 350 351
352 353 354
352 349 353
352 350 349
355 356 357
358 359 360
358 360 355
358 355 357
361 362 363
361 364 362
364 365 362
364 366 365
366 367 365
366 368 367
368 369 367
368 370 369
370 371 369
370 372 371
372 373 371
372 374 373
374 375 373
374 376 375
376 377 375
376 378 377
378 379 377
378 380 379
380 381 379
380 382 381
382 383 381
382 384 383
384 363 383
384 361 363
385 386 387
385 387 388
385 388 389
385 389 390
385 390 391
385 391 392
385 392 393
385 393 394
385 394 395
385 395 396
385 396 397
385 397 386
398 399 400
400 401 398
402 403 404
404 405 402
406 402 405
405 407 406
408 409 410
410 411 408
412 408 411
411 413 412
414 415 416
416 417 414
418 419 420
420 421 418
422 423 424
424 425 422
426 422 425
425 427 426
428 429 430
430 431 428
432 433 434
434 435 432
436 437 438
438 439 436
440 441 442
442 443 440
444 445 446
446 447 444
448 449 450
450 451 448
452 453 454
454 455 452
456 457 458
458 459 456
460 461 462
462 463 460
464 465 460
460 466 464
446 467 468
468 447 446
469 470 471
469 471 472
469 472 473
469 473 474
469 474 475
476 477 478
476 478 479
476 479 480
476 480 481
482 483 484
484 485 482
426 427 481
481 480 426
486 481 427
427 487 486
444 451 450
450 445 444
488 455 454
454 489 488
490 459 458
458 491 490
456 468 467
467 457 456
486 487 492
486 492 493
494 495 496
494 496 497
498 499 500
498 500 501
498 501 502
503 504 505
463 506 466
466 460 463
507 508 439
507 439 438
507 438 509
507 509 510
510 511 512
510 512 507
513 514 515
516 517 518
509 438 519
509 519 520
521 522 523
524 525 526
523 524 526
521 523 526
527 528 529
505 530 503
531 529 528
528 532 531
533 526 525
533 525 534
505 504 535
535 536 505
529 537 538
538 527 529
539 540 541
541 542 539
543 541 540
544 540 545
545 546 544
539 542 547
547 548 539
547 549 548
545 548 549
545 549 550
550 551 545
551 546 545
544 543 540
552 553 554
554 555 552
556 517 516
557 528 527
538 530 505
538 505 558
538 558 527
504 503 533
504 533 534
559 560 561
562 563 564
563 561 564
561 560 564
565 566 567
568 569 570
567 571 565
572 565 571
564 573 562
562 573 574
570 569 575
576 575 569
577 567 578
566 578 567
579 580 581
582 581 580
581 583 579
579 584 585
586 585 584
582 580 587
588 587 580
589 587 588
588 585 589
589 585 590
591 590 585
586 591 585
583 584 579
592 593 594
595 594 593
514 596 515
565 597 566
568 578 569
569 578 598
598 578 566
570 599 573
573 599 574
599 570 575
600 601 602
603 604 605
605 606 603
607 608 609
609 610 607
606 605 611
611 612 606
613 610 609
611 613 609
611 609 612
608 607 614
614 602 608
614 615 602
615 616 602
602 616 617
617 600 602
600 617 618
618 619 600
618 604 603
618 603 620
618 620 619
621 622 623
624 625 626
627 626 625
628 629 630
631 630 629
626 627 632
633 632 627
631 634 630
634 632 630
630 632 633
629 628 635
623 635 628
636 635 623
637 636 623
637 623 638
622 638 623
638 622 639
640 639 622
624 639 625
625 639 641
641 639 640
642 643 644
644 645 642
643 646 647
647 644 643
646 648 649
649 647 646
650 651 652
652 653 650
652 651 654
654 655 652
655 654 656
656 657 655
658 659 660
660 661 658
662 663 664
664 665 662
666 667 668
668 669 666
670 671 672
672 673 670
674 642 645
645 675 674
676 677 621
676 621 623
676 623 678
679 680 602
679 602 601
679 601 681
682 683 684
684 685 682
686 687 688
688 689 686
690 691 692
690 692 693
693 694 695
690 693 695
696 697 698
698 699 696
699 698 687
687 686 699
685 684 700
700 701 685
702 703 704
702 704 705
702 705 706
702 706 707
708 709 710
710 711 708
712 713 714
714 715 712
716 717 718
716 718 719
720 716 719
720 719 721
720 721 722
720 722 723
724 725 726
724 726 727
728 724 727
728 727 729
728 729 730
728 730 731
732 733 734
734 735 732
736 732 735
735 737 736
738 736 737
737 739 738
740 741 742
740 742 743
740 743 744
745 740 744
746 747 748
748 749 746
750 751 752
753 750 752
752 754 755
753 752 755
VertexWeights: 0

rifle.bmp

