MeshCount: 1
TextureCount: 1
BoneCount: 30
AnimationCount: 1

VertexCount: 556
IndexCount: 2550
4.735736 2.937325 -0.179780 0.959846 0.085055 0.267323 0.180451 0.576455
4.610668 2.820432 -0.316998 0.557674 0.416570 -0.717962 0.175529 0.576061
4.528291 3.060223 -0.507333 0.407153 0.706497 -0.578868 0.173634 0.582634
4.630382 3.234288 -0.261048 0.825090 0.283199 0.488902 0.179487 0.585463
4.407175 2.630241 -0.168496 0.132824 0.067167 -0.988861 0.170705 0.571469
4.162319 2.718173 -0.264943 -0.097452 0.196385 -0.975672 0.165716 0.575270
4.329201 2.557365 0.117719 0.099189 -0.542375 -0.834260 0.167158 0.567284
4.040799 2.604597 0.245643 -0.209937 -0.631092 -0.746759 0.160727 0.567267
4.454374 2.674356 0.255051 0.569122 -0.818644 -0.076958 0.168163 0.563538
4.285118 2.832945 0.513694 0.293500 -0.934597 0.200966 0.161998 0.560278
4.657497 2.864199 0.106142 0.843738 -0.370068 0.388787 0.173387 0.559510
4.508739 3.120595 0.249402 0.687519 -0.333541 0.645033 0.167561 0.553764
4.735736 2.937325 -0.179780 0.959846 0.085055 0.267323 0.180661 0.556090
4.630382 3.234288 -0.261048 0.825090 0.283199 0.488902 0.178649 0.546254
4.275766 3.295694 -0.598835 0.274852 0.842200 -0.463849 0.168621 0.587779
4.437017 3.525053 -0.287643 0.720511 0.433820 0.540984 0.174793 0.593537
3.842773 2.891006 -0.330363 -0.194195 0.255355 -0.947144 0.159074 0.579091
3.713012 2.769728 0.270795 -0.395341 -0.643601 -0.655350 0.153333 0.568521
4.016245 3.053138 0.603482 0.061978 -0.960857 0.270022 0.155124 0.558109
4.307257 3.403775 0.313515 0.630963 -0.282668 0.722485 0.161264 0.548372
4.437017 3.525053 -0.287643 0.720511 0.433820 0.540984 0.172462 0.537340
4.580732 2.687202 -0.035425 0.765943 -0.332731 -0.550111 0.175606 0.566828
3.804747 3.697122 -0.661839 0.375876 0.866202 -0.329259 0.160145 0.595864
4.035038 4.041909 -0.238479 0.509880 0.535413 0.673316 0.168548 0.604229
3.351111 3.182845 -0.420842 -0.062403 0.216896 -0.974198 0.148790 0.585131
3.263328 3.082244 0.266511 -0.444762 -0.735246 -0.511469 0.141426 0.570864
3.632838 3.494193 0.709962 -0.141224 -0.904212 0.403060 0.143095 0.554070
3.950912 3.939581 0.445969 0.391629 -0.080481 0.916597 0.148169 0.541269
4.035038 4.041909 -0.238479 0.509880 0.535413 0.673316 0.156854 0.526598
3.138010 3.990097 0.764499 -0.417670 -0.652825 0.631958 0.129273 0.549524
3.237544 4.407403 0.546876 -0.212437 0.203840 0.955678 0.129198 0.537676
2.114897 4.868245 0.519985 0.154267 0.817068 0.555519 0.100652 0.531878
2.118270 3.978762 0.676582 0.354270 0.524398 0.774274 0.106077 0.555682
2.968324 3.308959 0.161630 -0.274983 -0.896331 -0.347816 0.132529 0.575573
2.959462 3.264426 0.185530 0.861847 0.448481 0.236821 0.131681 0.575518
3.039606 3.390398 -0.546207 0.358759 0.140533 -0.922791 0.142887 0.590133
2.570157 3.725520 -0.583807 0.812118 0.257466 -0.523618 0.134787 0.596732
3.276917 4.154701 -0.703710 0.463805 0.858038 -0.220582 0.149553 0.604894
2.293894 4.244212 -0.763588 0.709498 0.610797 -0.351482 0.130519 0.608341
3.305168 4.490568 -0.223884 0.140659 0.794529 0.590711 0.153886 0.615697
2.204735 4.873007 -0.365426 0.346902 0.936872 -0.043921 0.131061 0.623462
3.305168 4.490568 -0.223884 0.140659 0.794529 0.590711 0.135408 0.519559
2.204735 4.873007 -0.365426 0.346902 0.936872 -0.043921 0.107376 0.509858
0.850617 0.389092 -0.562308 -0.118032 -0.939902 -0.320396 0.151261 0.423597
0.324907 0.389092 -0.909833 0.047308 -0.989696 -0.135141 0.173846 0.410263
0.721385 0.547531 -1.730606 0.152670 -0.886365 -0.437091 0.156691 0.376755
1.888610 0.547531 -1.069573 0.354398 -0.772872 -0.526376 0.096687 0.388320
0.324907 0.389092 0.829084 0.040262 -0.989201 0.140930 0.713285 0.624330
0.850617 0.389092 0.562308 0.086938 -0.992054 0.090949 0.754979 0.638444
1.888610 0.547531 1.069573 0.304897 -0.897007 0.320026 0.812917 0.581169
0.721385 0.547531 1.649857 0.131535 -0.862258 0.489090 0.732796 0.567338
1.051420 0.389092 0.000000 -0.093957 -0.906067 0.412570 0.783880 0.678469
2.334450 0.547531 0.000000 0.668773 -0.719155 0.188570 0.884368 0.634202
0.983415 1.072716 -2.381974 0.274249 -0.641833 -0.716127 0.153621 0.343918
2.574615 1.072716 -1.472141 0.605053 -0.614754 -0.505952 0.087053 0.349584
2.574615 1.072716 1.472141 0.588886 -0.605928 0.534850 0.839101 0.529431
0.983416 1.072716 2.131040 0.224241 -0.609455 0.760448 0.743493 0.524983
3.182400 1.072716 0.000000 0.805656 -0.592383 -0.000004 0.943681 0.567938
1.038988 1.734486 -2.800179 0.405646 -0.330273 -0.852274 0.156528 0.315755
2.720108 1.734486 -1.730606 0.780080 -0.242302 -0.576858 0.088616 0.320745
2.720108 1.734486 1.730605 0.667390 -0.211565 0.714025 0.839988 0.488078
1.038989 1.734486 2.549244 0.211561 -0.266024 0.940464 0.742027 0.483099
3.362238 1.734486 0.000000 0.986066 -0.153818 0.063356 0.961680 0.509090
3.182400 1.072716 0.000000 0.805656 -0.592383 -0.000004 0.035928 0.354378
3.362238 1.734486 0.000000 0.986066 -0.153818 0.063356 0.027252 0.327836
1.055238 2.468063 -2.944282 0.490757 0.042571 -0.870256 0.157916 0.289358
2.762650 2.468063 -1.819667 0.842469 0.177706 -0.508594 0.088636 0.292035
2.762650 2.468063 1.819666 0.654406 0.181988 0.733916 0.840625 0.446857
1.055239 2.468063 2.587995 0.180187 0.074079 0.980839 0.743252 0.445087
3.414823 2.468063 0.000000 0.962564 0.256893 0.086467 0.966779 0.448046
3.414823 2.468063 0.000000 0.962564 0.256893 0.086467 0.020845 0.297760
0.933282 3.424718 -2.800179 0.454171 0.291449 -0.841895 0.161222 0.255022
2.443365 3.424718 -1.730606 0.775508 0.416822 -0.474181 0.092942 0.251797
2.443365 3.424718 1.730605 0.516297 0.472595 0.714207 0.830709 0.391398
0.933282 3.424718 2.562290 0.058825 0.351855 0.934204 0.737378 0.395518
2.959462 3.264426 0.185530 0.861847 0.448481 0.236821 0.938402 0.380867
2.959462 3.264426 0.185530 0.861847 0.448481 0.236821 0.016656 0.257762
0.851733 3.811537 -2.591076 0.532804 0.528271 -0.661098 0.162070 0.237374
2.229866 3.811537 -1.601373 0.780859 0.527649 -0.334433 0.095658 0.232553
2.016366 4.198355 1.472141 0.258682 0.669522 0.696293 0.817312 0.339714
0.770183 4.198355 1.959831 -0.027540 0.632689 0.773916 0.736757 0.340050
2.016366 4.198355 -1.472141 0.696234 0.627800 -0.348030 0.100242 0.213477
0.770183 4.198355 -2.381974 0.477505 0.629558 -0.612899 0.163430 0.219371
0.620253 4.883245 -1.730606 0.464362 0.701274 -0.540909 0.165119 0.179685
1.623845 4.883245 -1.069573 0.567346 0.767845 -0.297545 0.106270 0.173241
1.622720 4.884916 0.753945 0.164097 0.757483 0.631896 0.810886 0.273747
0.620254 4.883245 1.408268 -0.033635 0.714143 0.699191 0.732589 0.286588
0.366506 7.323568 -0.242282 0.118066 0.909520 -0.398540 0.182025 0.042316
0.813746 7.184068 -0.460847 0.540116 0.487632 -0.685922 0.161049 0.056354
0.310824 7.184068 -0.745667 0.439557 0.786519 -0.433794 0.185753 0.065023
0.139993 7.323568 -0.392020 0.199462 0.944307 -0.261724 0.193375 0.047936
0.139993 7.323568 0.392020 -0.051268 0.980775 0.188286 0.698800 0.121249
0.310824 7.184068 0.745667 -0.081064 0.861930 0.500504 0.706867 0.126302
0.813746 7.184068 0.460847 0.181058 0.873332 0.452227 0.737709 0.118209
0.366506 7.323568 0.242282 0.068723 0.986908 0.145907 0.714822 0.113436
1.005846 7.184068 -0.042399 0.056683 0.903254 0.425346 0.764123 0.096541
0.453026 7.323568 0.000000 -0.020391 0.997927 0.061042 0.725324 0.097823
1.109326 6.867896 -0.634302 0.600868 0.569148 -0.561274 0.147417 0.073204
0.423725 6.867896 -1.097540 0.516995 0.689744 -0.506922 0.180832 0.085533
0.423725 6.867896 1.096585 -0.084304 0.767769 0.635156 0.710859 0.151163
1.109326 6.867896 0.634302 0.226576 0.779535 0.583942 0.752228 0.138873
1.398866 6.867896 -0.042399 0.199768 0.871618 0.447633 0.788577 0.118261
1.429564 6.545607 -0.909527 0.793066 0.490121 -0.361702 0.135257 0.093741
0.546045 6.545607 -1.369426 0.600347 0.576870 -0.553899 0.175711 0.103590
0.546045 6.545607 1.392471 -0.070018 0.688538 0.721812 0.718820 0.163705
1.398222 6.545607 0.776108 0.308582 0.659391 0.685551 0.779040 0.159186
1.767037 6.545607 0.000000 0.580467 0.657255 0.480701 0.804647 0.141023
1.480551 6.260779 -0.975190 0.895625 0.337291 -0.289982 0.131729 0.106499
0.565520 6.260779 -1.577890 0.694038 0.366538 -0.619646 0.174958 0.118333
0.565520 6.260779 1.577890 -0.091474 0.573000 0.814435 0.719030 0.178868
1.480551 6.260779 0.975190 0.336657 0.485631 0.806737 0.780679 0.177337
1.830062 6.260779 0.000000 0.774627 0.333385 0.537408 0.811763 0.155336
1.655306 6.260779 -0.487595 0.956893 0.253444 0.141850 0.835413 0.161291
1.598300 6.545607 -0.454763 0.938073 0.291216 0.187650 0.828339 0.148546
1.541783 5.933030 -1.092026 0.967998 0.024082 -0.249799 0.128724 0.121684
0.588909 5.933030 -1.684204 0.783200 0.050236 -0.619737 0.172993 0.132700
0.588909 5.933030 1.766935 -0.092500 0.173731 0.980439 0.716407 0.206401
1.541783 5.933030 1.092026 0.387880 0.122338 0.913555 0.782692 0.194988
1.903889 5.935794 0.011096 0.832102 0.008308 0.554561 0.819069 0.171529
1.723622 5.933243 -0.545156 0.975050 -0.054359 0.215227 0.844927 0.175720
1.447078 5.336808 -1.055757 0.976444 -0.126694 -0.174657 0.121141 0.148178
0.552789 5.336596 -1.709630 0.788206 -0.078469 -0.610389 0.170947 0.157937
0.552789 5.336596 1.709630 -0.095848 -0.246423 0.964411 0.719483 0.237202
1.447077 5.336809 1.057466 0.344573 -0.206091 0.915858 0.778151 0.227185
1.759742 5.379884 0.173731 0.784971 -0.181052 0.592486 0.824190 0.203022
1.601743 5.360823 -0.431070 0.941270 -0.209966 0.264432 0.853039 0.204334
1.365830 4.936346 -1.132094 0.857153 0.393962 -0.331787 0.119021 0.168727
0.521733 4.936219 -1.688639 0.703986 0.102893 -0.702721 0.169506 0.175850
0.551830 4.960749 1.374758 0.009113 -0.428697 0.903402 0.728239 0.262998
1.341396 4.952093 0.819256 0.426061 -0.072954 0.901748 0.792984 0.250501
1.647474 4.972591 0.243948 0.623733 0.693243 0.361069 0.832026 0.226921
1.505759 4.955796 -0.438747 0.706553 0.701912 0.090010 0.864735 0.219102
0.020833 7.323568 -0.000000 -0.007256 0.996373 -0.084787 0.198931 0.029463
0.020833 7.323568 -0.000000 -0.007256 0.996373 -0.084787 0.691135 0.093371
0.366506 7.323568 -0.242282 0.118066 0.909520 -0.398540 0.720825 0.077423
0.409766 7.323568 -0.121141 -0.238651 0.916375 -0.321406 0.723009 0.087761
0.957200 7.541318 -0.209470 -0.545628 0.832763 0.093783 0.767043 0.084731
0.928738 7.541318 -0.330611 -0.358937 0.649977 -0.669846 0.765788 0.075286
1.583824 6.941113 -0.370716 0.873348 0.367848 0.319298 0.816905 0.130925
1.645108 6.928908 -0.209470 0.386238 0.782977 0.487614 0.807501 0.134146
0.900276 7.541318 -0.451752 0.288923 -0.033663 -0.956760 0.153764 0.041890
1.042543 7.345958 -0.489210 0.592344 -0.255553 -0.764082 0.148800 0.051272
1.168932 7.345958 -0.209470 -0.475722 0.754867 0.451513 0.780322 0.101640
1.265037 7.138522 -0.530846 0.692886 -0.015691 -0.720876 0.138754 0.061422
1.450764 7.120928 -0.209470 -0.441016 0.767981 0.464445 0.797033 0.121146
1.522541 6.953318 -0.531963 0.919175 0.307180 -0.246490 0.126692 0.070082
1.526190 7.617175 -0.351600 -0.395584 0.725377 0.563331 0.810276 0.085166
1.497676 7.610168 -0.389417 0.838946 0.540845 -0.060475 0.812911 0.082817
1.405053 7.698080 -0.382817 0.360606 0.728975 -0.581858 0.804814 0.075856
1.420271 7.707763 -0.351600 -0.562226 0.697208 0.444751 0.804567 0.077989
1.603735 7.416257 -0.317772 -0.297327 0.726604 0.619390 0.813286 0.100948
1.585333 7.401240 -0.382283 0.870063 0.447078 0.207634 0.818578 0.100307
1.277646 7.664250 -0.379461 -0.231793 0.666374 -0.708673 0.794397 0.074974
1.288838 7.666971 -0.346149 -0.639451 0.741603 0.202799 0.794909 0.077821
1.436244 7.385108 -0.292452 -0.586360 0.616982 0.524895 0.800738 0.101201
1.298011 7.495643 -0.292452 -0.571724 0.630483 0.524998 0.792416 0.091285
1.267922 7.504108 -0.493598 0.748328 -0.162976 -0.642997 0.138295 0.045471
1.368179 7.396381 -0.468369 0.791773 -0.158375 -0.589926 0.133787 0.050076
1.612712 7.290144 -0.292452 -0.079755 0.726039 0.683013 0.812213 0.110902
1.566194 7.252187 -0.472115 0.951655 0.015990 -0.306753 0.125148 0.056233
1.589453 7.271166 -0.382283 0.864919 0.310673 0.394206 0.819482 0.111989
1.157934 7.626751 -0.292452 -0.586442 0.786599 0.193253 0.783816 0.079866
1.143789 7.623312 -0.374296 -0.314819 0.649194 -0.692414 0.783510 0.073444
1.129643 7.619874 -0.456139 0.480398 0.054888 -0.875331 0.143733 0.039976
1.389836 7.688396 -0.414033 0.752559 0.140779 -0.643301 0.132549 0.037375
1.469162 7.603161 -0.427233 0.889681 0.063928 -0.452085 0.129295 0.041053
1.566930 7.386224 -0.446795 0.915429 0.030701 -0.401307 0.125084 0.050326
1.266454 7.661530 -0.412772 0.472349 0.272983 -0.838073 0.137836 0.037647
2.118270 3.978762 0.676582 0.354270 0.524398 0.774274 0.872001 0.325026
2.570157 3.725520 -0.583807 0.812118 0.257466 -0.523618 0.052149 0.234871
2.114897 4.868245 0.519985 0.154267 0.817068 0.555519 0.844685 0.274132
2.204735 4.873007 -0.365426 0.346902 0.936872 -0.043921 0.063388 0.170513
2.293894 4.244212 -0.763588 0.709498 0.610797 -0.351482 0.069314 0.205998
1.601743 5.360823 -0.431070 0.941270 -0.209966 0.264432 0.095199 0.135133
1.505759 4.955796 -0.438747 0.706553 0.701912 0.090010 0.089100 0.151027
1.723622 5.933243 -0.545156 0.975050 -0.054359 0.215227 0.106847 0.112099
1.655306 6.260779 -0.487595 0.956893 0.253444 0.141850 0.111778 0.098132
1.598300 6.545607 -0.454763 0.938073 0.291216 0.187650 0.116380 0.086094
1.583824 6.941113 -0.370716 0.873348 0.367848 0.319298 0.119137 0.068710
1.589453 7.271166 -0.382283 0.864919 0.310673 0.394206 0.121267 0.054641
1.585333 7.401240 -0.382283 0.870063 0.447078 0.207634 0.122556 0.048807
1.497676 7.610168 -0.389417 0.838946 0.540845 -0.060475 0.127471 0.040128
1.405053 7.698080 -0.382817 0.360606 0.728975 -0.581858 0.131635 0.036091
1.277646 7.664250 -0.379461 -0.231793 0.666374 -0.708673 0.137433 0.036139
1.143789 7.623312 -0.374296 -0.314819 0.649194 -0.692414 0.143754 0.036348
0.928738 7.541318 -0.330611 -0.358937 0.649977 -0.669846 0.154245 0.036397
0.409766 7.323568 -0.121141 -0.238651 0.916375 -0.321406 0.182191 0.036381
2.204735 4.873007 -0.365426 0.346902 0.936872 -0.043921 0.880347 0.248457
1.051420 0.389092 0.000000 -0.093957 -0.906067 0.412570 0.185737 0.907156
0.850617 0.389092 -0.562308 -0.118032 -0.939902 -0.320396 0.188224 0.938575
0.670827 0.259162 -0.488735 -0.884657 0.255264 -0.390157 0.185490 0.932597
1.033304 0.254710 0.250789 -0.372472 0.668331 0.643893 0.197106 0.901766
1.888610 0.547531 -1.069573 0.354398 -0.772872 -0.526376 0.246751 0.968108
1.937316 0.350706 -1.251849 -0.238362 0.310405 -0.920235 0.240368 0.954729
2.334450 0.547531 0.000000 0.668773 -0.719155 0.188570 0.256360 0.877894
2.412354 0.358324 0.673223 -0.058528 0.681343 0.729620 0.231448 0.891218
0.742936 0.093675 -0.502742 -0.558588 -0.716435 -0.417971 0.190340 0.930853
2.002395 0.153880 -1.299785 -0.128290 -0.677515 -0.724234 0.237622 0.949200
2.307347 -0.017266 -0.833069 0.013382 -0.990453 -0.137201 0.231038 0.934443
1.189952 -0.009843 -0.441390 -0.085093 -0.990248 -0.110311 0.202277 0.927621
1.034212 0.064347 0.246789 -0.411439 -0.700055 0.583645 0.198333 0.906689
1.450922 -0.010819 0.138869 -0.032015 -0.991977 0.122295 0.206479 0.910840
2.491487 0.152166 0.627655 0.166985 -0.402559 0.900035 0.228640 0.895780
2.357831 0.033218 0.445697 0.031553 -0.985094 0.169096 0.223706 0.901305
2.334450 0.547531 0.000000 0.668773 -0.719155 0.188570 0.050964 0.392946
3.276826 0.406668 0.151645 0.564811 0.780781 0.267149 0.246228 0.901787
2.936973 0.432182 -1.063275 0.469150 0.740217 -0.481640 0.250269 0.929770
2.569348 0.619935 -0.951528 0.103122 0.974952 -0.197067 0.251696 0.932133
2.857600 0.595559 -0.016243 0.167814 0.979668 0.109950 0.251929 0.898623
3.111081 0.244428 -1.077080 0.736230 -0.183555 -0.651363 0.245856 0.928764
3.413659 0.217778 0.129102 0.975056 -0.045747 0.217192 0.243294 0.904740
3.241508 0.018756 0.088001 0.252604 -0.963408 0.089649 0.239748 0.907868
3.045906 0.046641 -0.886406 0.235992 -0.956045 -0.174029 0.240725 0.927720
0.386727 0.389092 -0.255650 -0.000000 -1.000000 -0.000007 0.175714 0.431864
0.147717 0.389092 -0.413650 -0.000000 -1.000000 -0.000007 0.185107 0.426840
0.147717 0.389092 0.413650 -0.000000 -1.000000 -0.000007 0.701498 0.655660
0.386727 0.389092 0.255650 -0.000000 -1.000000 -0.000007 0.722009 0.666908
0.478021 0.389092 -0.000000 -0.000000 -1.000000 -0.000007 0.732636 0.687010
1.051420 0.389092 0.000000 -0.093957 -0.906067 0.412570 0.156665 0.447617
0.478021 0.389092 -0.000000 -0.000000 -1.000000 -0.000007 0.174108 0.442117
0.020833 0.389092 -0.000000 -0.000000 -1.000000 -0.000007 0.190700 0.444077
0.020833 0.389092 -0.000000 -0.000000 -1.000000 -0.000007 0.691135 0.689242
4.259293 2.712012 0.239843 0.490274 -0.083000 -0.867607 0.731861 0.867325
4.313601 2.836516 0.320280 0.866983 -0.029538 0.497461 0.741148 0.855025
4.337869 2.622716 0.537918 0.373784 -0.918690 -0.127650 0.727988 0.861118
4.172122 2.863618 0.400902 -0.337773 -0.642905 0.687446 0.720171 0.847581
4.117814 2.739114 0.320465 -0.585421 -0.589734 -0.556324 0.716661 0.864289
4.395449 2.720605 0.120281 0.615778 0.351237 -0.705302 0.773548 0.868023
4.445261 2.840992 0.209422 0.864762 0.041468 0.500467 0.781408 0.857550
4.528090 2.566204 0.344546 0.663882 -0.695806 -0.274071 0.766645 0.865578
4.335783 2.806129 0.317681 -0.027895 -0.805210 0.592334 0.756530 0.853563
4.285972 2.685741 0.228539 -0.418052 -0.582231 -0.697309 0.760694 0.867227
4.497042 2.738658 -0.084172 0.371466 0.653489 -0.659518 0.844684 0.853111
4.576929 2.829680 0.017089 0.908006 0.168135 0.383739 0.848779 0.867978
4.672601 2.528549 0.045295 0.746930 -0.407462 -0.525424 0.853929 0.862197
4.497528 2.765450 0.137466 0.275670 -0.890994 0.360745 0.863558 0.873536
4.417641 2.674428 0.036206 -0.390489 -0.507488 -0.768098 0.867714 0.851709
4.501555 2.810384 -0.259947 0.034450 0.876797 -0.479625 0.792571 0.856338
4.615218 2.865912 -0.165511 0.891776 0.345894 0.291707 0.800984 0.870977
4.688771 2.572311 -0.260466 0.696762 -0.011721 -0.717207 0.807662 0.865738
4.569592 2.766189 -0.051958 0.572368 -0.819000 0.040431 0.818169 0.872817
4.455929 2.710661 -0.146394 -0.398313 -0.401419 -0.824748 0.817744 0.852043
4.454856 2.908731 -0.374166 -0.292916 0.943156 -0.157028 0.914590 0.859101
4.579750 2.949086 -0.286453 0.770055 0.428541 0.472617 0.922057 0.876562
4.666880 2.715569 -0.519780 0.650150 0.412128 -0.638322 0.927791 0.867091
4.568265 2.812902 -0.207444 0.779061 -0.599520 -0.183410 0.941386 0.877311
4.443371 2.772546 -0.295157 -0.279717 -0.261805 -0.923697 0.937195 0.854836
2.513549 0.074285 0.429595 0.327244 -0.928020 0.178021 0.734432 0.943045
2.574699 0.297824 0.414785 0.648574 0.735623 0.195475 0.738754 0.921729
2.417545 0.204782 1.286353 0.085335 0.028197 0.995953 0.720619 0.929356
2.162086 0.331217 0.497768 -0.456825 0.843276 0.283191 0.710401 0.920178
2.105384 0.124999 0.390025 -0.483653 -0.840770 0.243279 0.709376 0.936677
2.909409 0.091801 0.030553 0.321702 -0.945548 -0.049465 0.812375 0.952149
3.017992 0.309830 0.058739 0.804022 0.588430 -0.085439 0.816193 0.920713
3.222214 0.152793 0.899037 0.526181 -0.205504 0.825167 0.788906 0.930423
2.668561 0.350518 0.289212 -0.215122 0.854711 0.472432 0.767613 0.913736
2.559978 0.132489 0.261026 -0.352008 -0.849765 0.392415 0.761188 0.944735
3.142994 0.056623 -0.465215 0.395436 -0.892574 -0.216663 0.898093 0.961053
3.158343 0.279496 -0.534336 0.429996 0.794027 -0.429680 0.902216 0.921124
3.935981 0.249344 0.188150 0.863857 0.076395 0.497910 0.867507 0.938651
2.945926 0.315340 -0.171827 -0.078029 0.920309 0.383332 0.836349 0.915611
2.930577 0.092467 -0.102705 -0.076018 -0.743873 0.663984 0.832627 0.955500
0.020833 6.545607 -1.369426 0.376989 0.560830 -0.737122 0.197447 0.103615
0.020833 6.867896 -1.097540 0.345661 0.638063 -0.688036 0.198048 0.085549
0.020833 5.933030 -1.684204 0.479564 0.071426 -0.874595 0.196449 0.133248
0.020833 6.260779 -1.577890 0.429227 0.389685 -0.814806 0.196941 0.118612
0.020833 5.336596 -1.709630 0.485451 -0.064755 -0.871862 0.195866 0.158452
0.020833 4.936219 -1.688639 0.394255 0.016273 -0.918857 0.195242 0.175828
0.020833 4.883245 -1.730606 0.207701 0.682468 -0.700784 0.195244 0.178753
0.020833 4.198355 -2.381974 0.191151 0.626247 -0.755828 0.193812 0.217777
0.020833 3.811537 -2.591076 0.220245 0.484121 -0.846829 0.193673 0.235442
0.020833 3.424718 -2.800179 0.098510 0.221091 -0.970265 0.193685 0.252729
0.020833 2.468063 -2.944282 0.118737 -0.031465 -0.992427 0.192577 0.289887
0.020833 1.734486 -2.800179 0.068474 -0.385607 -0.920119 0.191114 0.316913
0.020833 1.072716 -2.381974 0.000000 -0.658587 -0.752504 0.189134 0.345746
0.020833 0.547531 -1.730606 0.000000 -0.879445 -0.476000 0.187572 0.377511
0.020833 0.389092 -0.909833 0.000000 -0.988454 -0.151523 0.188817 0.409665
0.020833 0.389092 -0.413650 0.000000 -1.000000 -0.000007 0.190790 0.427212
0.020833 0.389092 0.413650 0.000000 -1.000000 -0.000007 0.691135 0.655788
0.020833 0.389092 0.829084 -0.000000 -0.987656 0.156636 0.691135 0.624935
0.020833 0.547531 1.649857 -0.000000 -0.843986 0.536365 0.691135 0.569631
0.020833 1.072716 2.131040 -0.000000 -0.597758 0.801676 0.691135 0.527416
0.020833 1.734486 2.549244 -0.049773 -0.292037 0.955111 0.691135 0.484275
0.020833 2.468063 2.587995 -0.117942 0.018216 0.992853 0.691135 0.445136
0.020833 3.424718 2.562290 -0.185022 0.328009 0.926378 0.691135 0.394136
0.020833 4.198355 1.959831 -0.235919 0.611507 0.755249 0.691591 0.338909
0.020833 4.883245 1.408268 -0.283807 0.624509 0.727628 0.691156 0.288804
0.020833 4.960749 1.374758 -0.333358 -0.513405 0.790752 0.691039 0.266176
0.020833 5.336596 1.709630 -0.448578 -0.301949 0.841192 0.690970 0.239015
0.020833 5.933030 1.766935 -0.481560 0.212215 0.850332 0.691261 0.206939
0.020833 6.260779 1.577890 -0.418152 0.579491 0.699528 0.691153 0.178656
0.020833 6.545607 1.392471 -0.386684 0.669994 0.633706 0.691153 0.162985
0.020833 6.867896 1.096585 -0.348573 0.754203 0.556485 0.691135 0.150422
0.020833 7.184068 0.745667 -0.287507 0.852611 0.436341 0.691135 0.125613
0.020833 7.323568 0.392020 -0.145690 0.975004 0.167752 0.691135 0.121040
0.020833 7.184068 -0.745667 0.275364 0.771208 -0.573946 0.198744 0.065015
0.020833 7.323568 -0.392020 0.131783 0.934647 -0.330255 0.199067 0.047864
-4.694069 2.937325 -0.179780 -0.599608 0.215936 -0.770611 0.062747 0.611983
-4.588715 3.234288 -0.261048 -0.357191 0.425399 -0.831535 0.070356 0.613977
-4.486624 3.060223 -0.507333 0.204087 -0.655315 -0.727262 0.069659 0.608222
-4.569001 2.820432 -0.316998 -0.112703 -0.775537 -0.621161 0.064152 0.608195
-4.120652 2.718173 -0.264943 0.178244 -0.983706 0.023478 0.065548 0.600256
-4.365508 2.630241 -0.168496 -0.075451 -0.995886 -0.050176 0.061905 0.603582
-3.999132 2.604597 0.245643 -0.328805 -0.679419 0.655954 0.059598 0.595503
-4.287534 2.557365 0.117719 -0.483881 -0.787587 0.381531 0.059237 0.600454
-4.243451 2.832945 0.513694 -0.867757 0.267728 0.418711 0.053955 0.596366
-4.412707 2.674356 0.255051 -0.985575 -0.030822 0.166408 0.056268 0.600736
-4.467072 3.120595 0.249402 -0.698139 0.640260 -0.320421 0.049757 0.600600
-4.615830 2.864199 0.106142 -0.840964 0.381517 -0.383699 0.053732 0.604313
-4.588715 3.234288 -0.261048 -0.357191 0.425399 -0.831535 0.045961 0.607875
-4.694069 2.937325 -0.179780 -0.599608 0.215936 -0.770611 0.052121 0.609078
-4.395350 3.525053 -0.287643 -0.187917 0.472338 -0.861153 0.078292 0.612808
-4.234099 3.295694 -0.598835 0.397846 -0.538223 -0.742990 0.075296 0.605319
-3.801106 2.891006 -0.330363 0.301026 -0.952849 0.038255 0.069531 0.595169
-3.671345 2.769728 0.270795 -0.191542 -0.588907 0.785175 0.060506 0.589733
-3.974578 3.053138 0.603482 -0.723239 0.336227 0.603222 0.052059 0.591629
-4.265590 3.403775 0.313515 -0.631128 0.709626 -0.313223 0.045868 0.596741
-4.395350 3.525053 -0.287643 -0.187917 0.472338 -0.861153 0.040434 0.605346
-4.539065 2.687202 -0.035425 -0.789437 -0.552679 -0.267087 0.058142 0.606071
-3.993371 4.041909 -0.238479 -0.156390 0.663234 -0.731890 0.091175 0.608460
-3.763080 3.697122 -0.661839 0.371476 -0.279936 -0.885235 0.084562 0.598438
-3.309444 3.182845 -0.420842 0.386772 -0.911665 -0.138829 0.075508 0.586419
-3.221661 3.082244 0.266511 -0.051723 -0.548075 0.834829 0.061892 0.579926
-3.591171 3.494193 0.709962 -0.585210 0.305296 0.751215 0.047608 0.584110
-3.909245 3.939581 0.445969 -0.525765 0.828118 -0.194402 0.039829 0.589820
-3.993371 4.041909 -0.238479 -0.156390 0.663234 -0.731890 0.032389 0.598075
-3.096343 3.990097 0.764499 -0.418205 0.207924 0.884236 0.040944 0.576363
-2.076603 3.978762 0.676582 -0.796374 0.545423 0.261345 0.036418 0.560892
-2.073231 4.868245 0.519985 -0.510145 0.828904 0.229500 0.020527 0.564846
-3.195877 4.407403 0.546876 -0.397344 0.886819 0.235945 0.033278 0.579354
-2.926657 3.308959 0.161630 0.199358 -0.735243 0.647823 0.065295 0.571434
-2.917795 3.264426 0.185530 -0.938444 0.340846 -0.056091 0.065052 0.570326
-2.997939 3.390398 -0.546207 0.425274 -0.702183 -0.571036 0.081148 0.581106
-2.528490 3.725520 -0.583807 -0.581114 0.169354 -0.796006 0.090181 0.574213
-3.235250 4.154701 -0.703710 0.208229 0.197761 -0.957879 0.095036 0.590301
-2.252227 4.244212 -0.763588 -0.355095 0.496503 -0.792081 0.103025 0.572625
-3.263501 4.490568 -0.223884 -0.136833 0.856504 -0.497672 0.104546 0.597124
-2.163068 4.873007 -0.365426 -0.291294 0.885219 -0.362677 0.117678 0.577224
-2.163068 4.873007 -0.365426 -0.291294 0.885219 -0.362677 0.011205 0.574059
-3.263501 4.490568 -0.223884 -0.136833 0.856504 -0.497672 0.023852 0.587497
-0.808950 0.389092 -0.562308 0.118032 -0.939901 -0.320396 0.228926 0.420267
-1.846943 0.547531 -1.069573 -0.354398 -0.772872 -0.526376 0.275755 0.387890
-0.679718 0.547531 -1.730606 -0.152670 -0.886365 -0.437091 0.217424 0.376116
-0.283240 0.389092 -0.909833 -0.047308 -0.989696 -0.135141 0.202476 0.409223
-0.283240 0.389092 0.829084 -0.040262 -0.989201 0.140930 0.668985 0.624330
-0.679718 0.547531 1.649857 -0.131535 -0.862258 0.489090 0.649473 0.567338
-1.846943 0.547531 1.069573 -0.304897 -0.897007 0.320026 0.569353 0.581169
-0.808950 0.389092 0.562308 -0.086938 -0.992054 0.090949 0.627291 0.638443
-2.292783 0.547531 0.000000 -0.668772 -0.719156 0.188570 0.497902 0.634202
-1.009753 0.389092 -0.000000 0.093957 -0.906068 0.412570 0.598390 0.678469
-2.532948 1.072716 -1.472141 -0.605053 -0.614754 -0.505952 0.293870 0.352692
-0.941748 1.072716 -2.381974 -0.274249 -0.641833 -0.716127 0.224707 0.344071
-0.941749 1.072716 2.131040 -0.224241 -0.609455 0.760448 0.638777 0.524983
-2.532948 1.072716 1.472141 -0.588886 -0.605928 0.534850 0.543169 0.529431
-3.140733 1.072716 -0.000000 -0.805656 -0.592383 -0.000003 0.438589 0.567938
-2.678441 1.734486 -1.730606 -0.688080 -0.288544 -0.665799 0.296609 0.324075
-0.997321 1.734486 -2.800179 -0.277244 -0.352046 -0.893979 0.225901 0.316373
-0.997322 1.734486 2.549244 -0.308316 -0.282463 0.908381 0.640243 0.483099
-2.678441 1.734486 1.730605 -0.734544 -0.255863 0.628474 0.542282 0.488078
-3.320571 1.734486 -0.000000 -0.974876 -0.215747 -0.055400 0.420590 0.509090
-3.140733 1.072716 -0.000000 -0.805656 -0.592383 -0.000003 0.357130 0.367852
-3.320571 1.734486 -0.000000 -0.974876 -0.215747 -0.055400 0.369173 0.336056
-2.720983 2.468063 -1.819667 -0.717535 0.078153 -0.692124 0.298690 0.295250
-1.013571 2.468063 -2.944282 -0.277711 -0.006476 -0.960643 0.227586 0.290354
-1.013572 2.468063 2.587995 -0.409809 0.036422 0.911444 0.639018 0.445087
-2.720983 2.468063 1.819666 -0.823932 0.087653 0.559869 0.541645 0.446857
-3.373156 2.468063 -0.000000 -0.980754 0.133062 -0.142884 0.415491 0.448046
-3.373156 2.468063 -0.000000 -0.980754 0.133062 -0.142884 0.375786 0.299896
-2.401698 3.424718 -1.730606 -0.676668 0.319988 -0.663120 0.294134 0.255419
-0.891615 3.424718 -2.800179 -0.281402 0.244643 -0.927881 0.226152 0.254412
-0.891615 3.424718 2.562290 -0.443956 0.331556 0.832450 0.644892 0.395518
-2.401698 3.424718 1.730605 -0.784331 0.402142 0.472342 0.551561 0.391398
-2.917795 3.264426 0.185530 -0.938444 0.340846 -0.056091 0.443868 0.380868
-2.917795 3.264426 0.185530 -0.938444 0.340846 -0.056091 0.375756 0.254554
-2.188199 3.811537 -1.601373 -0.532312 0.480621 -0.696884 0.293930 0.236260
-0.810066 3.811537 -2.591076 -0.143757 0.503810 -0.851769 0.225484 0.237493
-0.728516 4.198355 1.959831 -0.441575 0.621369 0.647234 0.646179 0.340753
-1.974699 4.198355 1.472141 -0.675246 0.638452 0.369354 0.564958 0.339713
-1.974699 4.198355 -1.472141 -0.403250 0.553430 -0.728769 0.290835 0.216817
-1.582178 4.883245 -1.069573 -0.289166 0.704404 -0.648228 0.284625 0.176844
-0.578586 4.883245 -1.730606 -0.096871 0.680025 -0.726762 0.225232 0.179805
-0.728516 4.198355 -2.381974 -0.127122 0.607609 -0.783997 0.224240 0.220197
-0.578587 4.883245 1.408268 -0.461073 0.697575 0.548453 0.649979 0.288382
-1.581053 4.884916 0.753945 -0.611055 0.732215 0.300789 0.571620 0.274488
-0.324839 7.323568 -0.242282 0.138654 0.936375 -0.322455 0.216348 0.042582
-0.098326 7.323568 -0.392020 0.037314 0.935499 -0.351354 0.204783 0.048016
-0.269157 7.184068 -0.745667 0.068909 0.766386 -0.638674 0.211771 0.065463
-0.772079 7.184068 -0.460847 0.349138 0.553712 -0.755980 0.236984 0.057366
-0.098326 7.323568 0.392020 -0.213417 0.971967 0.098658 0.683469 0.121249
-0.324839 7.323568 0.242282 -0.241533 0.970055 -0.025590 0.667448 0.113436
-0.772079 7.184068 0.460847 -0.550273 0.833606 0.047975 0.644561 0.118210
-0.269157 7.184068 0.745667 -0.451591 0.841803 0.295691 0.675403 0.126302
-0.411359 7.323568 -0.000000 -0.230781 0.972937 -0.011554 0.656946 0.097824
-0.964179 7.184068 -0.042399 -0.691644 0.721905 -0.021970 0.618147 0.096541
-0.382058 6.867896 -1.097540 0.097805 0.666974 -0.738634 0.215280 0.086258
-1.067659 6.867896 -0.634302 0.195396 0.583987 -0.787895 0.249371 0.075223
-1.067659 6.867896 0.634302 -0.677824 0.730408 0.084023 0.630523 0.139099
-0.382058 6.867896 1.096585 -0.555825 0.742156 0.374516 0.671411 0.151163
-1.357199 6.867896 -0.042399 -0.738925 0.657458 -0.147440 0.594123 0.118659
-0.504378 6.545607 -1.369426 0.102818 0.549845 -0.828915 0.218971 0.104591
-1.387897 6.545607 -0.909527 -0.036752 0.416165 -0.908546 0.259831 0.096633
-1.356555 6.545607 0.776108 -0.797033 0.599334 0.074407 0.603196 0.159429
-0.504378 6.545607 1.392471 -0.630011 0.658119 0.412269 0.663486 0.163705
-1.725370 6.545607 0.000000 -0.804095 0.405905 -0.434364 0.577126 0.141209
-0.523853 6.260779 -1.577890 0.126317 0.335699 -0.933461 0.218672 0.119331
-1.438884 6.260779 -0.975190 -0.251484 0.272965 -0.928572 0.262328 0.109519
-1.438884 6.260779 0.975190 -0.899832 0.418464 0.123252 0.601409 0.177564
-0.523853 6.260779 1.577890 -0.687335 0.540633 0.485064 0.663276 0.178868
-1.788395 6.260779 0.000000 -0.889913 0.241426 -0.386999 0.569867 0.155630
-1.556633 6.545607 -0.454763 -0.509430 0.022693 -0.860213 0.553479 0.148534
-1.613639 6.260779 -0.487595 -0.643063 0.164232 -0.747995 0.545757 0.161537
-0.547242 5.933030 -1.684204 0.105536 0.013425 -0.994325 0.219575 0.133719
-1.500116 5.933030 -1.092026 -0.302506 -0.044932 -0.952088 0.264144 0.124755
-1.500116 5.933030 1.092026 -0.986987 0.047655 0.153579 0.599474 0.195277
-0.547242 5.933030 1.766935 -0.793897 0.135631 0.592733 0.666158 0.206690
-1.862222 5.935794 0.011096 -0.908969 -0.086268 -0.407840 0.562653 0.172086
-1.681955 5.933243 -0.545156 -0.692613 -0.144947 -0.706596 0.536230 0.176814
-0.511122 5.336596 -1.709630 0.105679 -0.115544 -0.987665 0.220308 0.158923
-1.405411 5.336808 -1.055757 -0.357938 -0.199178 -0.912255 0.270356 0.151250
-1.405410 5.336809 1.057466 -0.938087 -0.276383 0.208821 0.604249 0.227645
-0.511122 5.336596 1.709630 -0.743701 -0.281614 0.606302 0.662358 0.238132
-1.718075 5.379884 0.173731 -0.901119 -0.272643 -0.337121 0.558092 0.204083
-1.560076 5.360823 -0.431070 -0.704762 -0.299073 -0.643324 0.528666 0.206104
-0.480066 4.936219 -1.688639 0.018216 0.071342 -0.997286 0.220432 0.176697
-1.324163 4.936346 -1.132094 -0.376557 0.338160 -0.862469 0.271682 0.171579
-1.299729 4.952093 0.819256 -0.944611 -0.136909 0.298271 0.589922 0.251263
-0.510163 4.960749 1.374758 -0.646874 -0.458877 0.609087 0.653910 0.264982
-1.605807 4.972591 0.243948 -0.741782 0.634101 -0.218347 0.550825 0.228278
-1.464092 4.955796 -0.438747 -0.606000 0.645440 -0.464942 0.517691 0.221503
-0.324839 7.323568 -0.242282 0.138654 0.936375 -0.322455 0.661445 0.077423
-0.368099 7.323568 -0.121141 0.123562 0.990959 0.052280 0.659261 0.087760
-0.887071 7.541318 -0.330611 0.080394 0.992506 0.092027 0.616482 0.075286
-0.915533 7.541318 -0.209470 -0.663233 0.713348 0.226398 0.615227 0.084731
-1.603441 6.928908 -0.209470 -0.767905 0.166328 -0.618593 0.575184 0.134779
-1.542157 6.941113 -0.370716 -0.278220 -0.185766 -0.942383 0.565386 0.132430
-1.000876 7.345958 -0.489210 0.862693 0.112425 -0.493073 0.249923 0.052695
-0.858609 7.541318 -0.451752 0.829264 0.481017 -0.284507 0.245373 0.042723
-1.127265 7.345958 -0.209470 -0.888607 0.414957 0.195416 0.601947 0.101640
-1.223370 7.138522 -0.530846 0.709630 0.233684 -0.664693 0.259143 0.063849
-1.409097 7.120928 -0.209470 -0.899933 0.406456 0.157842 0.585237 0.121146
-1.480874 6.953318 -0.531963 0.200232 0.110907 -0.973451 0.270374 0.073683
-1.484523 7.617175 -0.351600 -0.948057 0.296995 0.113944 0.571994 0.085166
-1.378604 7.707763 -0.351600 -0.874036 0.398713 0.277648 0.577702 0.077989
-1.363386 7.698080 -0.382817 0.111205 0.785181 -0.609200 0.577455 0.075856
-1.456009 7.610168 -0.389417 -0.087442 0.185201 -0.978803 0.569359 0.082817
-1.562068 7.416257 -0.317772 -0.971881 0.234367 0.022792 0.568984 0.100948
-1.543666 7.401240 -0.382283 -0.237129 -0.058016 -0.969744 0.563691 0.100307
-1.247171 7.666971 -0.346149 -0.726090 0.603314 0.329855 0.587361 0.077821
-1.235979 7.664250 -0.379461 0.120895 0.991997 -0.036422 0.587872 0.074974
-1.256344 7.495643 -0.292452 -0.900416 0.303255 0.311911 0.589854 0.091285
-1.394577 7.385108 -0.292452 -0.895621 0.297775 0.330445 0.581531 0.101201
-1.326512 7.396381 -0.468369 0.724402 0.016450 -0.689181 0.265862 0.052678
-1.226255 7.504108 -0.493598 0.759523 0.058661 -0.647830 0.261456 0.047320
-1.571045 7.290144 -0.292452 -0.975171 0.130699 -0.178771 0.570057 0.110902
-1.524527 7.252187 -0.472115 0.434734 -0.078409 -0.897139 0.274181 0.059971
-1.547786 7.271166 -0.382283 -0.305715 -0.271275 -0.912660 0.562788 0.111989
-1.116267 7.626751 -0.292452 -0.733397 0.626446 0.263998 0.598454 0.079866
-1.102122 7.623312 -0.374296 0.100384 0.993818 0.047415 0.598760 0.073444
-1.087976 7.619874 -0.456139 0.758585 0.439845 -0.480713 0.256030 0.041063
-1.427495 7.603161 -0.427233 0.507933 0.064579 -0.858973 0.271566 0.043363
-1.348169 7.688396 -0.414033 0.584395 0.279090 -0.761965 0.268320 0.039231
-1.525263 7.386224 -0.446795 0.492793 0.001402 -0.870145 0.275167 0.053856
-1.224787 7.661530 -0.412772 0.601023 0.578209 -0.551765 0.262585 0.039036
-2.076603 3.978762 0.676582 -0.796374 0.545423 0.261345 0.510269 0.325026
-2.528490 3.725520 -0.583807 -0.581114 0.169354 -0.796006 0.339378 0.235475
-2.073231 4.868245 0.519985 -0.510145 0.828904 0.229500 0.538065 0.274915
-2.163068 4.873007 -0.365426 -0.291294 0.885219 -0.362677 0.327502 0.175178
-2.252227 4.244212 -0.763588 -0.355095 0.496503 -0.792081 0.321824 0.210614
-1.560076 5.360823 -0.431070 -0.704762 -0.299073 -0.643324 0.295844 0.139325
-1.464092 4.955796 -0.438747 -0.606000 0.645440 -0.464942 0.300839 0.154630
-1.681955 5.933243 -0.545156 -0.692613 -0.144947 -0.706596 0.285581 0.117574
-1.613639 6.260779 -0.487595 -0.643063 0.164232 -0.747995 0.282653 0.102908
-1.556633 6.545607 -0.454763 -0.509430 0.022693 -0.860213 0.279297 0.090540
-1.542157 6.941113 -0.370716 -0.278220 -0.185766 -0.942383 0.278257 0.073306
-1.547786 7.271166 -0.382283 -0.305715 -0.271275 -0.912660 0.278304 0.058940
-1.543666 7.401240 -0.382283 -0.237129 -0.058016 -0.969744 0.278112 0.052530
-1.456009 7.610168 -0.389417 -0.087442 0.185201 -0.978803 0.273641 0.042539
-1.363386 7.698080 -0.382817 0.111205 0.785181 -0.609200 0.269466 0.037920
-1.235979 7.664250 -0.379461 0.120895 0.991997 -0.036422 0.263185 0.037462
-1.102122 7.623312 -0.374296 0.100384 0.993818 0.047415 0.256359 0.037207
-0.887071 7.541318 -0.330611 0.080394 0.992506 0.092027 0.245151 0.037006
-0.368099 7.323568 -0.121141 0.123562 0.990959 0.052280 0.216384 0.036490
-2.163068 4.873007 -0.365426 -0.291294 0.885219 -0.362677 0.502943 0.250502
-1.009753 0.389092 -0.000000 0.093957 -0.906068 0.412570 0.332551 0.898064
-0.991637 0.254710 0.250789 0.372472 0.668331 0.643893 0.322160 0.890620
-0.629160 0.259162 -0.488735 0.884657 0.255264 -0.390157 0.330128 0.906512
-0.808950 0.389092 -0.562308 0.118032 -0.939901 -0.320396 0.329988 0.914434
-1.895649 0.350706 -1.251849 0.238362 0.310405 -0.920235 0.296439 0.952694
-1.846943 0.547531 -1.069573 -0.354398 -0.772872 -0.526376 0.294270 0.963083
-2.292783 0.547531 0.000000 -0.668772 -0.719156 0.188570 0.309839 0.862495
-2.370687 0.358324 0.673223 0.058528 0.681343 0.729620 0.312989 0.884448
-0.701269 0.093675 -0.502742 0.558588 -0.716435 -0.417971 0.327175 0.909322
-1.148285 -0.009843 -0.441390 0.085093 -0.990248 -0.110311 0.319884 0.912282
-2.265680 -0.017266 -0.833069 -0.013382 -0.990453 -0.137201 0.297552 0.922463
-1.960728 0.153880 -1.299785 0.128290 -0.677515 -0.724234 0.296740 0.942303
-0.992545 0.064347 0.246789 0.411439 -0.700055 0.583645 0.322302 0.896145
-1.409255 -0.010819 0.138869 0.032015 -0.991977 0.122295 0.318426 0.901400
-2.449820 0.152166 0.627655 -0.166985 -0.402559 0.900035 0.310336 0.889549
-2.316164 0.033218 0.445697 -0.031553 -0.985094 0.169096 0.309983 0.894914
-2.292783 0.547531 0.000000 -0.668772 -0.719156 0.188570 0.328128 0.405980
-3.235159 0.406668 0.151645 -0.564811 0.780782 0.267149 0.295838 0.888025
-2.815933 0.595559 -0.016243 -0.167814 0.979668 0.109950 0.296205 0.881725
-2.527681 0.619935 -0.951528 -0.103122 0.974952 -0.197067 0.272791 0.916299
-2.895306 0.432182 -1.063275 -0.469150 0.740217 -0.481640 0.276492 0.910014
-1.846943 0.547531 -1.069573 -0.354398 -0.772872 -0.526376 0.262735 0.885382
-3.069414 0.244428 -1.077080 -0.736230 -0.183555 -0.651363 0.281096 0.910286
-3.004239 0.046641 -0.886406 -0.235992 -0.956045 -0.174029 0.287169 0.910754
-3.199841 0.018756 0.088001 -0.252604 -0.963408 0.089649 0.297151 0.895060
-3.371992 0.217778 0.129102 -0.975056 -0.045746 0.217192 0.296014 0.891687
-0.106050 0.389092 -0.413650 0.000000 -1.000000 -0.000007 0.196276 0.427209
-0.345060 0.389092 -0.255650 0.000000 -1.000000 -0.000007 0.207457 0.433396
-0.345060 0.389092 0.255650 0.000000 -1.000000 -0.000007 0.660261 0.666908
-0.106050 0.389092 0.413650 0.000000 -1.000000 -0.000007 0.680772 0.655660
-0.436354 0.389092 -0.000000 0.000000 -1.000000 -0.000007 0.649634 0.687010
-0.436354 0.389092 -0.000000 0.000000 -1.000000 -0.000007 0.211366 0.444750
-1.009753 0.389092 -0.000000 0.093957 -0.906068 0.412570 0.237788 0.444733
-4.217626 2.712012 0.239843 -0.428350 -0.878079 -0.213291 0.695647 0.865455
-4.296202 2.622716 0.537918 -0.922711 -0.063886 0.380161 0.688845 0.854639
-4.271934 2.836516 0.320280 -0.609776 0.459063 -0.646092 0.675348 0.862117
-4.130455 2.863618 0.400902 -0.203668 0.755037 0.623249 0.682118 0.839423
-4.076147 2.739114 0.320465 -0.030984 -0.477051 0.878329 0.703965 0.846066
-4.353782 2.720605 0.120281 -0.199609 -0.759849 -0.618697 0.634758 0.862238
-4.486423 2.566204 0.344546 -0.969786 -0.241881 0.031770 0.646910 0.854786
-4.403594 2.840992 0.209422 -0.557262 0.455985 -0.693929 0.633533 0.839664
-4.294116 2.806129 0.317681 -0.538894 0.660682 0.522582 0.660456 0.840948
-4.244305 2.685741 0.228539 -0.147669 -0.624805 0.766690 0.656323 0.862528
-4.455375 2.738658 -0.084172 0.188645 -0.729662 -0.657272 0.613775 0.857354
-4.630934 2.528549 0.045295 -0.828954 -0.520776 -0.204029 0.608038 0.848987
-4.535262 2.829680 0.017089 -0.500307 0.326886 -0.801772 0.593049 0.856413
-4.455861 2.765450 0.137466 -0.819177 0.424135 0.386082 0.595836 0.832594
-4.375974 2.674428 0.036206 -0.115548 -0.702974 0.701766 0.623751 0.838289
-4.459888 2.810384 -0.259947 0.589150 -0.555021 -0.587243 0.582208 0.855989
-4.647104 2.572311 -0.260466 -0.516469 -0.743779 -0.424327 0.573458 0.844231
-4.573551 2.865912 -0.165511 -0.364520 0.220581 -0.904693 0.557748 0.855570
-4.527925 2.766189 -0.051958 -0.984411 0.085893 0.153481 0.558044 0.829563
-4.414262 2.710661 -0.146394 -0.035877 -0.768218 0.639182 0.587693 0.830481
-4.413189 2.908731 -0.374166 0.874955 -0.225155 -0.428671 0.548801 0.854905
-4.625213 2.715569 -0.519780 -0.177836 -0.700008 -0.691638 0.538184 0.839765
-4.538083 2.949086 -0.286453 -0.214806 0.398865 -0.891496 0.521605 0.851574
-4.526598 2.812902 -0.207444 -0.978227 -0.165142 -0.125698 0.524881 0.824324
-4.401704 2.772546 -0.295157 -0.021601 -0.884100 0.466799 0.552089 0.827536
-2.471882 0.074285 0.429595 -0.327243 -0.928020 0.178021 0.656918 0.933269
-2.375878 0.204782 1.286353 -0.085335 0.028196 0.995953 0.667504 0.923137
-2.533032 0.297824 0.414785 -0.648575 0.735622 0.195475 0.653633 0.917370
-2.120419 0.331217 0.497768 0.456825 0.843276 0.283191 0.678965 0.915028
-2.063717 0.124999 0.390025 0.483654 -0.840770 0.243279 0.683109 0.929383
-2.867742 0.091801 0.030553 -0.321701 -0.945548 -0.049465 0.589020 0.932932
-3.180547 0.152793 0.899037 -0.526181 -0.205506 0.825167 0.617102 0.918666
-2.976325 0.309830 0.058739 -0.804022 0.588429 -0.085439 0.593863 0.902122
-2.626894 0.350518 0.289212 0.215123 0.854711 0.472432 0.641767 0.908590
-2.518311 0.132489 0.261026 0.352008 -0.849765 0.392415 0.639509 0.939687
-3.101327 0.056623 -0.465215 -0.395436 -0.892574 -0.216662 0.504698 0.936289
-3.894314 0.249344 0.188150 -0.863857 0.076395 0.497910 0.536748 0.916932
-3.116676 0.279496 -0.534336 -0.429996 0.794027 -0.429680 0.504155 0.896661
-2.904259 0.315340 -0.171827 0.078029 0.920309 0.383332 0.569420 0.896994
-2.888910 0.092467 -0.102705 0.076018 -0.743873 0.663984 0.569572 0.936547
0 1 2
0 2 3
1 4 5
1 5 2
4 6 7
4 7 5
6 8 9
6 9 7
8 10 11
8 11 9
10 12 13
10 13 11
3 2 14
3 14 15
2 5 16
2 16 14
5 7 17
5 17 16
7 9 18
7 18 17
9 11 19
9 19 18
11 13 20
11 20 19
1 0 21
4 1 21
6 4 21
8 6 21
10 8 21
12 10 21
15 14 22
15 22 23
14 16 24
14 24 22
16 17 25
16 25 24
17 18 26
17 26 25
18 19 27
18 27 26
19 20 28
19 28 27
29 30 31
29 31 32
33 29 32
33 32 34
35 33 34
35 34 36
37 35 36
37 36 38
39 37 38
39 38 40
30 41 42
30 42 31
26 27 30
26 30 29
25 26 29
25 29 33
24 25 33
24 33 35
22 24 35
22 35 37
23 22 37
23 37 39
27 28 41
27 41 30
43 44 45
43 45 46
47 48 49
47 49 50
48 51 52
48 52 49
46 45 53
46 53 54
50 49 55
50 55 56
49 52 57
49 57 55
54 53 58
54 58 59
56 55 60
56 60 61
55 57 62
55 62 60
63 54 59
63 59 64
59 58 65
59 65 66
61 60 67
61 67 68
60 62 69
60 69 67
64 59 66
64 66 70
66 65 71
66 71 72
68 67 73
68 73 74
67 69 75
67 75 73
70 66 72
70 72 76
72 71 77
72 77 78
74 73 79
74 79 80
81 82 83
81 83 84
80 79 85
80 85 86
87 88 89
87 89 90
91 92 93
91 93 94
94 93 95
94 95 96
88 97 98
88 98 89
92 99 100
92 100 93
93 100 101
93 101 95
97 102 103
97 103 98
99 104 105
99 105 100
100 105 106
100 106 101
102 107 108
102 108 103
104 109 110
104 110 105
105 110 111
105 111 106
106 111 112
106 112 113
107 114 115
107 115 108
109 116 117
109 117 110
110 117 118
110 118 111
111 118 119
111 119 112
114 120 121
114 121 115
116 122 123
116 123 117
117 123 124
117 124 118
118 124 125
118 125 119
120 126 127
120 127 121
122 128 129
122 129 123
123 129 130
123 130 124
124 130 131
124 131 125
90 132 87
94 133 91
96 133 94
134 133 96
134 96 135
96 136 137
96 137 135
113 138 139
113 139 106
87 140 141
87 141 88
95 142 136
95 136 96
88 141 143
88 143 97
101 144 142
101 142 95
97 143 145
97 145 102
106 139 144
106 144 101
146 147 148
146 148 149
150 151 147
150 147 146
149 148 152
149 152 153
144 154 155
144 155 142
141 156 157
141 157 143
139 158 154
139 154 144
143 157 159
143 159 145
138 160 158
138 158 139
142 155 161
142 161 136
136 161 162
136 162 137
140 163 156
140 156 141
154 146 149
154 149 155
156 164 165
156 165 157
158 150 146
158 146 154
157 165 166
157 166 159
160 151 150
160 150 158
155 149 153
155 153 161
161 153 152
161 152 162
163 167 164
163 164 156
75 168 79
75 79 73
169 76 72
169 72 78
85 79 168
85 168 170
171 172 81
171 81 84
129 128 86
129 86 85
84 83 127
84 127 126
173 174 126
173 126 120
175 173 120
175 120 114
176 175 114
176 114 107
177 176 107
177 107 102
102 145 178
102 178 177
145 159 179
145 179 178
159 166 180
159 180 179
181 180 166
181 166 165
182 181 165
182 165 164
183 182 164
183 164 167
184 183 167
184 167 163
185 184 163
185 163 140
186 185 140
186 140 87
85 170 130
85 130 129
170 187 131
170 131 130
171 84 126
171 126 174
78 77 82
78 82 81
172 169 78
172 78 81
188 189 190
188 190 191
189 192 193
189 193 190
194 188 191
194 191 195
196 197 198
196 198 199
200 196 199
200 199 201
202 200 201
202 201 203
63 204 46
63 46 54
205 206 207
205 207 208
208 207 192
208 192 194
209 210 211
209 211 212
207 206 193
207 193 192
205 208 194
205 194 195
202 203 211
202 211 210
209 212 198
209 198 197
210 205 195
210 195 202
210 209 206
210 206 205
193 206 209
193 209 197
190 193 197
190 197 196
191 190 196
191 196 200
195 191 200
195 200 202
44 43 213
44 213 214
48 47 215
48 215 216
51 48 216
51 216 217
43 218 219
43 219 213
214 213 220
216 215 221
217 216 221
213 219 220
222 223 224
223 225 224
225 226 224
226 222 224
227 228 229
228 230 229
230 231 229
231 227 229
232 233 234
233 235 234
235 236 234
236 232 234
237 238 239
238 240 239
240 241 239
241 237 239
242 243 244
243 245 244
245 246 244
246 242 244
247 248 249
248 250 249
250 251 249
251 247 249
252 253 254
253 255 254
255 256 254
256 252 254
257 258 259
258 260 259
260 261 259
261 257 259
103 262 263
103 263 98
115 264 265
115 265 108
121 266 264
121 264 115
127 267 266
127 266 121
83 268 267
83 267 127
82 269 268
82 268 83
77 270 269
77 269 82
71 271 270
71 270 77
65 272 271
65 271 71
58 273 272
58 272 65
53 274 273
53 273 58
45 275 274
45 274 53
44 276 275
44 275 45
214 277 276
214 276 44
278 215 47
278 47 279
47 50 280
47 280 279
50 56 281
50 281 280
56 61 282
56 282 281
61 68 283
61 283 282
68 74 284
68 284 283
74 80 285
74 285 284
80 86 286
80 286 285
86 128 287
86 287 286
128 122 288
128 288 287
122 116 289
122 289 288
116 109 290
116 290 289
109 104 291
109 291 290
104 99 292
104 292 291
99 92 293
99 293 292
92 91 294
92 294 293
215 278 221
214 220 277
108 265 262
108 262 103
90 89 295
90 295 296
98 263 295
98 295 89
90 296 132
91 133 294
203 201 199
203 199 198
198 212 211
198 211 203
297 298 299
297 299 300
300 299 301
300 301 302
302 301 303
302 303 304
304 303 305
304 305 306
306 305 307
306 307 308
308 307 309
308 309 310
298 311 312
298 312 299
299 312 313
299 313 301
301 313 314
301 314 303
303 314 315
303 315 305
305 315 316
305 316 307
307 316 317
307 317 309
300 318 297
302 318 300
304 318 302
306 318 304
308 318 306
310 318 308
311 319 320
311 320 312
312 320 321
312 321 313
313 321 322
313 322 314
314 322 323
314 323 315
315 323 324
315 324 316
316 324 325
316 325 317
326 327 328
326 328 329
330 331 327
330 327 326
332 333 331
332 331 330
334 335 333
334 333 332
336 337 335
336 335 334
329 328 338
329 338 339
323 326 329
323 329 324
322 330 326
322 326 323
321 332 330
321 330 322
320 334 332
320 332 321
319 336 334
319 334 320
324 329 339
324 339 325
340 341 342
340 342 343
344 345 346
344 346 347
347 346 348
347 348 349
341 350 351
341 351 342
345 352 353
345 353 346
346 353 354
346 354 348
350 355 356
350 356 351
352 357 358
352 358 353
353 358 359
353 359 354
360 361 355
360 355 350
355 362 363
355 363 356
357 364 365
357 365 358
358 365 366
358 366 359
361 367 362
361 362 355
362 368 369
362 369 363
364 370 371
364 371 365
365 371 372
365 372 366
367 373 368
367 368 362
368 374 375
368 375 369
370 376 377
370 377 371
378 379 380
378 380 381
376 382 383
376 383 377
384 385 386
384 386 387
388 389 390
388 390 391
389 392 393
389 393 390
387 386 394
387 394 395
391 390 396
391 396 397
390 393 398
390 398 396
395 394 399
395 399 400
397 396 401
397 401 402
396 398 403
396 403 401
400 399 404
400 404 405
402 401 406
402 406 407
401 403 408
401 408 406
403 409 410
403 410 408
405 404 411
405 411 412
407 406 413
407 413 414
406 408 415
406 415 413
408 410 416
408 416 415
412 411 417
412 417 418
414 413 419
414 419 420
413 415 421
413 421 419
415 416 422
415 422 421
418 417 423
418 423 424
420 419 425
420 425 426
419 421 427
419 427 425
421 422 428
421 428 427
385 384 132
389 388 133
392 389 133
429 430 392
429 392 133
392 430 431
392 431 432
409 403 433
409 433 434
384 387 435
384 435 436
393 392 432
393 432 437
387 395 438
387 438 435
398 393 437
398 437 439
395 400 440
395 440 438
403 398 439
403 439 433
441 442 443
441 443 444
445 441 444
445 444 446
442 447 448
442 448 443
439 437 449
439 449 450
435 438 451
435 451 452
433 439 450
433 450 453
438 440 454
438 454 451
434 433 453
434 453 455
437 432 456
437 456 449
432 431 457
432 457 456
436 435 452
436 452 458
450 449 442
450 442 441
452 451 459
452 459 460
453 450 441
453 441 445
451 454 461
451 461 459
455 453 445
455 445 446
449 456 447
449 447 442
456 457 448
456 448 447
458 452 460
458 460 462
372 371 377
372 377 463
464 374 368
464 368 373
383 465 463
383 463 377
466 379 378
466 378 467
425 383 382
425 382 426
379 424 423
379 423 380
468 418 424
468 424 469
470 412 418
470 418 468
471 405 412
471 412 470
472 400 405
472 405 471
400 472 473
400 473 440
440 473 474
440 474 454
454 474 475
454 475 461
476 459 461
476 461 475
477 460 459
477 459 476
478 462 460
478 460 477
479 458 462
479 462 478
480 436 458
480 458 479
481 384 436
481 436 480
383 425 427
383 427 465
465 427 428
465 428 482
466 469 424
466 424 379
374 378 381
374 381 375
467 378 374
467 374 464
483 484 485
483 485 486
486 485 487
486 487 488
489 490 484
489 484 483
491 492 493
491 493 494
495 496 492
495 492 491
497 498 496
497 496 495
360 350 341
360 341 499
500 501 502
500 502 503
501 489 504
501 504 502
505 506 507
505 507 508
502 488 487
502 487 503
500 490 489
500 489 501
497 508 507
497 507 498
505 494 493
505 493 506
508 497 490
508 490 500
508 500 503
508 503 505
487 494 505
487 505 503
485 491 494
485 494 487
484 495 491
484 491 485
490 497 495
490 495 484
343 509 510
343 510 340
347 511 512
347 512 344
349 513 511
349 511 347
340 510 514
340 514 515
509 220 510
511 221 512
513 221 511
510 220 514
516 517 518
518 517 519
519 517 520
520 517 516
521 522 523
523 522 524
524 522 525
525 522 521
526 527 528
528 527 529
529 527 530
530 527 526
531 532 533
533 532 534
534 532 535
535 532 531
536 537 538
538 537 539
539 537 540
540 537 536
541 542 543
543 542 544
544 542 545
545 542 541
546 547 548
548 547 549
549 547 550
550 547 546
551 552 553
553 552 554
554 552 555
555 552 551
399 394 263
399 263 262
411 404 265
411 265 264
417 411 264
417 264 266
423 417 266
423 266 267
380 423 267
380 267 268
381 380 268
381 268 269
375 381 269
375 269 270
369 375 270
369 270 271
363 369 271
363 271 272
356 363 272
356 272 273
351 356 273
351 273 274
342 351 274
342 274 275
343 342 275
343 275 276
509 343 276
509 276 277
278 279 344
278 344 512
344 279 280
344 280 345
345 280 281
345 281 352
352 281 282
352 282 357
357 282 283
357 283 364
364 283 284
364 284 370
370 284 285
370 285 376
376 285 286
376 286 382
382 286 287
382 287 426
426 287 288
426 288 420
420 288 289
420 289 414
414 289 290
414 290 407
407 290 291
407 291 402
402 291 292
402 292 397
397 292 293
397 293 391
391 293 294
391 294 388
512 221 278
509 277 220
404 399 262
404 262 265
385 296 295
385 295 386
394 386 295
394 295 263
385 132 296
388 294 133
498 493 492
498 492 496
493 498 507
493 507 506
VertexWeights: 556
1 12 1.000000 
1 12 1.000000 
1 12 1.000000 
1 12 1.000000 
1 12 1.000000 
1 12 1.000000 
1 12 1.000000 
1 12 1.000000 
1 12 1.000000 
1 12 1.000000 
1 12 1.000000 
1 12 1.000000 
1 12 1.000000 
1 12 1.000000 
2 11 0.013996 12 0.986004 
2 11 0.013996 12 0.986004 
2 11 0.013996 12 0.986004 
2 11 0.013996 12 0.986004 
2 11 0.013996 12 0.986004 
2 11 0.013996 12 0.986004 
2 11 0.013996 12 0.986004 
1 12 1.000000 
2 11 0.307490 12 0.692510 
2 11 0.307490 12 0.692510 
2 11 0.307490 12 0.692510 
2 11 0.307490 12 0.692510 
2 11 0.307490 12 0.692510 
2 11 0.307490 12 0.692510 
2 11 0.307490 12 0.692510 
1 11 1.000000 
1 11 1.000000 
3 3 0.668390 10 0.247941 11 0.083669 
3 3 0.544480 10 0.352188 11 0.103332 
1 11 1.000000 
3 2 0.781574 3 0.174350 10 0.044075 
1 11 1.000000 
3 2 0.621569 3 0.300341 10 0.078090 
1 11 1.000000 
3 3 0.690843 10 0.209877 11 0.099280 
1 11 1.000000 
3 3 0.673383 10 0.251866 11 0.074751 
1 11 1.000000 
3 3 0.673383 10 0.251866 11 0.074751 
1 14 1.000000 
1 13 1.000000 
1 13 1.000000 
1 14 1.000000 
1 13 1.000000 
2 13 0.802058 14 0.197942 
2 13 0.802058 14 0.197942 
1 13 1.000000 
1 14 1.000000 
1 14 1.000000 
1 13 1.000000 
2 13 0.802058 14 0.197942 
2 13 0.881235 14 0.118765 
1 13 1.000000 
2 13 0.802058 14 0.197942 
2 1 0.500000 13 0.500000 
2 1 0.500000 13 0.500000 
2 1 0.500000 13 0.500000 
2 1 0.500000 13 0.500000 
2 1 0.500000 13 0.500000 
2 13 0.802058 14 0.197942 
2 1 0.500000 13 0.500000 
2 1 0.250000 2 0.750000 
2 1 0.250000 2 0.750000 
2 1 0.250000 2 0.750000 
2 1 0.250000 2 0.750000 
2 1 0.250000 2 0.750000 
2 1 0.250000 2 0.750000 
2 2 0.994286 3 0.005714 
2 2 0.955918 10 0.044082 
3 2 0.635918 3 0.321891 10 0.042190 
3 2 0.610197 3 0.306520 10 0.083283 
3 2 0.781574 3 0.174350 10 0.044075 
3 2 0.781574 3 0.174350 10 0.044075 
2 0 0.003922 3 0.996078 
2 0 0.050980 3 0.949020 
2 3 0.766990 10 0.233010 
2 3 0.938296 10 0.061704 
2 3 0.766990 10 0.233010 
1 3 1.000000 
2 3 0.813963 4 0.186037 
3 3 0.605390 4 0.161600 10 0.233010 
3 3 0.544380 4 0.222610 10 0.233010 
2 3 0.715869 4 0.284131 
2 4 0.809312 6 0.190688 
2 4 0.582691 6 0.417309 
1 4 1.000000 
1 4 1.000000 
1 4 1.000000 
1 4 1.000000 
1 4 1.000000 
1 4 1.000000 
2 4 0.582691 6 0.417309 
2 4 0.809312 6 0.190688 
2 4 0.585941 6 0.414059 
1 4 1.000000 
1 4 1.000000 
1 4 1.000000 
2 4 0.585941 6 0.414059 
2 4 0.657191 6 0.342809 
1 4 1.000000 
1 4 1.000000 
1 4 1.000000 
2 4 0.657191 6 0.342809 
1 4 1.000000 
1 4 1.000000 
1 4 1.000000 
1 4 1.000000 
1 4 1.000000 
1 4 1.000000 
2 4 0.601437 6 0.398563 
1 4 1.000000 
1 4 1.000000 
1 4 1.000000 
1 4 1.000000 
1 4 1.000000 
1 4 1.000000 
1 4 1.000000 
1 4 1.000000 
1 4 1.000000 
1 4 1.000000 
1 4 1.000000 
1 4 1.000000 
2 3 0.436741 4 0.563259 
2 3 0.436254 4 0.563746 
2 3 0.372277 4 0.627723 
2 3 0.396437 4 0.603563 
2 3 0.452227 4 0.547773 
2 3 0.461120 4 0.538880 
1 4 1.000000 
1 4 1.000000 
2 4 0.809312 6 0.190688 
2 4 0.638953 6 0.361047 
1 6 1.000000 
1 6 1.000000 
1 6 1.000000 
1 6 1.000000 
1 6 1.000000 
1 6 1.000000 
1 6 1.000000 
1 6 1.000000 
1 6 1.000000 
1 6 1.000000 
1 6 1.000000 
1 6 1.000000 
1 6 1.000000 
1 6 1.000000 
1 6 1.000000 
1 6 1.000000 
1 6 1.000000 
1 6 1.000000 
1 6 1.000000 
1 6 1.000000 
1 6 1.000000 
1 6 1.000000 
1 6 1.000000 
1 6 1.000000 
1 6 1.000000 
1 6 1.000000 
1 6 1.000000 
1 6 1.000000 
1 6 1.000000 
1 6 1.000000 
1 6 1.000000 
1 6 1.000000 
3 3 0.544480 10 0.352188 11 0.103332 
3 2 0.621569 3 0.300341 10 0.078090 
3 3 0.668390 10 0.247941 11 0.083669 
3 3 0.673383 10 0.251866 11 0.074751 
3 3 0.690843 10 0.209877 11 0.099280 
1 4 1.000000 
2 3 0.461120 4 0.538880 
1 4 1.000000 
1 4 1.000000 
2 4 0.601437 6 0.398563 
1 6 1.000000 
1 6 1.000000 
1 6 1.000000 
1 6 1.000000 
1 6 1.000000 
1 6 1.000000 
1 6 1.000000 
1 6 1.000000 
2 4 0.638953 6 0.361047 
3 3 0.673383 10 0.251866 11 0.074751 
1 14 1.000000 
1 14 1.000000 
1 15 1.000000 
1 16 1.000000 
1 14 1.000000 
1 15 1.000000 
1 14 1.000000 
1 16 1.000000 
1 15 1.000000 
1 15 1.000000 
1 15 1.000000 
1 15 1.000000 
1 16 1.000000 
1 16 1.000000 
1 16 1.000000 
1 16 1.000000 
1 14 1.000000 
1 16 1.000000 
1 15 1.000000 
1 14 1.000000 
1 14 1.000000 
1 15 1.000000 
1 16 1.000000 
1 16 1.000000 
1 15 1.000000 
1 13 1.000000 
1 13 1.000000 
1 13 1.000000 
1 13 1.000000 
1 13 1.000000 
1 14 1.000000 
1 13 1.000000 
1 13 1.000000 
1 13 1.000000 
1 12 1.000000 
1 12 1.000000 
1 12 1.000000 
1 12 1.000000 
1 12 1.000000 
1 12 1.000000 
1 12 1.000000 
1 12 1.000000 
1 12 1.000000 
1 12 1.000000 
1 12 1.000000 
1 12 1.000000 
1 12 1.000000 
1 12 1.000000 
1 12 1.000000 
1 12 1.000000 
1 12 1.000000 
1 12 1.000000 
1 12 1.000000 
1 12 1.000000 
1 12 1.000000 
1 12 1.000000 
1 12 1.000000 
1 12 1.000000 
1 12 1.000000 
1 16 1.000000 
1 16 1.000000 
1 16 1.000000 
1 16 1.000000 
1 16 1.000000 
1 16 1.000000 
1 16 1.000000 
1 16 1.000000 
1 16 1.000000 
1 16 1.000000 
2 15 0.960636 16 0.039364 
2 15 0.960636 16 0.039364 
1 16 1.000000 
2 15 0.960636 16 0.039364 
2 15 0.960636 16 0.039364 
1 4 1.000000 
1 4 1.000000 
1 4 1.000000 
1 4 1.000000 
1 4 1.000000 
2 3 0.433633 4 0.566367 
2 3 0.805786 4 0.194214 
1 3 1.000000 
2 0 0.007843 3 0.992157 
1 2 0.999587 
2 1 0.250000 2 0.750000 
2 1 0.500000 13 0.500000 
1 13 1.000000 
1 13 1.000000 
1 13 1.000000 
1 13 1.000000 
1 13 1.000000 
1 13 1.000000 
1 13 1.000000 
1 13 1.000000 
2 1 0.500000 13 0.500000 
2 1 0.250000 2 0.750000 
2 2 0.607543 3 0.392457 
1 3 1.000000 
2 3 0.701134 4 0.298866 
2 3 0.363988 4 0.636012 
1 4 1.000000 
1 4 1.000000 
1 4 1.000000 
1 4 1.000000 
1 4 1.000000 
1 4 1.000000 
1 4 1.000000 
1 4 1.000000 
1 4 1.000000 
1 9 1.000000 
2 8 0.001102 9 0.998898 
2 8 0.001212 9 0.998788 
1 9 1.000000 
2 8 0.001401 9 0.998599 
1 9 1.000000 
2 8 0.001412 9 0.998588 
1 9 1.000000 
2 8 0.001273 9 0.998727 
1 9 1.000000 
2 8 0.001056 9 0.998944 
1 9 1.000000 
2 8 0.001102 9 0.998898 
1 9 1.000000 
2 8 0.028214 9 0.971786 
2 8 0.028190 9 0.971810 
2 8 0.032306 9 0.967694 
2 8 0.032332 9 0.967668 
2 8 0.029295 9 0.970705 
2 8 0.026173 9 0.973827 
2 8 0.028214 9 0.971786 
1 9 1.000000 
2 8 0.336221 9 0.663779 
2 8 0.339718 9 0.660282 
2 8 0.372858 9 0.627142 
2 8 0.364456 9 0.635544 
2 8 0.339083 9 0.660917 
2 8 0.334304 9 0.665696 
2 8 0.336221 9 0.663779 
3 3 0.022081 7 0.014283 8 0.963637 
3 3 0.549849 7 0.348497 8 0.101591 
4 3 0.654110 4 0.031974 7 0.237196 8 0.076719 
3 3 0.022644 7 0.008578 8 0.968778 
4 2 0.420737 3 0.102047 7 0.029025 8 0.448191 
4 2 0.762799 3 0.183242 7 0.051477 8 0.002482 
4 2 0.036700 3 0.017734 7 0.004611 8 0.940955 
3 2 0.602212 3 0.316610 7 0.081178 
3 3 0.028326 7 0.008604 8 0.962988 
3 3 0.693208 7 0.212316 8 0.094475 
3 3 0.022728 7 0.008478 8 0.968794 
4 3 0.660995 4 0.031391 7 0.237178 8 0.070436 
4 3 0.660995 4 0.031391 7 0.237178 8 0.070436 
3 3 0.022728 7 0.008478 8 0.968794 
2 13 0.083710 17 0.916290 
2 13 0.016991 17 0.983009 
1 13 1.000000 
1 13 1.000000 
1 13 1.000000 
1 13 1.000000 
2 13 0.805662 17 0.194338 
2 13 0.818507 17 0.181493 
1 17 0.999805 
2 13 0.072667 17 0.927333 
2 13 0.790187 17 0.209813 
1 13 1.000000 
1 13 1.000000 
2 13 0.882242 17 0.117758 
2 13 0.775183 17 0.224817 
3 1 0.492285 13 0.504715 17 0.002999 
2 1 0.500000 13 0.500000 
2 1 0.500000 13 0.500000 
3 1 0.493497 13 0.504990 17 0.001514 
3 1 0.493018 13 0.504218 17 0.002764 
2 13 0.775183 17 0.224817 
3 1 0.493018 13 0.504218 17 0.002764 
2 1 0.248534 2 0.751211 
2 1 0.250000 2 0.750000 
2 1 0.250000 2 0.750000 
3 1 0.249055 2 0.749567 3 0.001216 
3 1 0.244500 2 0.750723 3 0.003807 
3 1 0.244500 2 0.750723 3 0.003807 
3 0 0.027385 2 0.930463 7 0.042152 
2 2 0.994528 3 0.005472 
3 2 0.610076 3 0.310444 7 0.079480 
3 2 0.628396 3 0.326547 7 0.045057 
4 2 0.762799 3 0.183242 7 0.051477 8 0.002482 
4 2 0.762799 3 0.183242 7 0.051477 8 0.002482 
2 3 0.993692 7 0.006308 
2 0 0.003922 3 0.996078 
2 3 0.941727 7 0.058273 
3 3 0.769806 4 0.002054 7 0.228140 
3 3 0.768859 4 0.003011 7 0.228130 
3 3 0.576395 4 0.232997 7 0.190608 
2 3 0.813394 4 0.186606 
1 3 1.000000 
2 3 0.714845 4 0.285155 
4 3 0.519347 4 0.290740 7 0.187024 8 0.002890 
2 4 0.838520 5 0.161480 
1 4 1.000000 
1 4 1.000000 
2 4 0.609911 5 0.390089 
1 4 1.000000 
1 4 1.000000 
1 4 1.000000 
1 4 1.000000 
2 4 0.827696 5 0.172304 
2 4 0.598661 5 0.401339 
1 4 1.000000 
2 4 0.600551 5 0.399449 
1 4 1.000000 
1 4 1.000000 
2 4 0.589809 5 0.410191 
1 4 1.000000 
2 4 0.666349 5 0.333651 
1 4 1.000000 
1 4 1.000000 
2 4 0.657487 5 0.342513 
1 4 1.000000 
2 4 0.986744 5 0.013256 
1 4 1.000000 
1 4 1.000000 
2 4 0.990853 5 0.009147 
2 4 0.596831 5 0.403169 
2 4 0.987910 5 0.012090 
1 4 1.000000 
1 4 1.000000 
1 4 1.000000 
1 4 1.000000 
1 4 1.000000 
1 4 1.000000 
1 4 1.000000 
1 4 1.000000 
2 3 0.012310 4 0.987690 
1 4 1.000000 
2 3 0.010625 4 0.989375 
2 3 0.009538 4 0.990462 
2 3 0.436036 4 0.563964 
2 3 0.436725 4 0.563275 
2 3 0.395584 4 0.604416 
2 3 0.371627 4 0.628373 
2 3 0.450553 4 0.549447 
2 3 0.460836 4 0.539164 
2 4 0.838520 5 0.161480 
2 4 0.827696 5 0.172304 
2 4 0.041894 5 0.958106 
2 4 0.051071 5 0.948929 
2 4 0.053734 5 0.946266 
1 5 1.000000 
2 4 0.065477 5 0.934523 
2 4 0.047845 5 0.952155 
2 4 0.045132 5 0.954868 
2 4 0.055500 5 0.944500 
2 4 0.043227 5 0.956773 
2 4 0.030038 5 0.969962 
1 5 1.000000 
1 5 1.000000 
1 5 1.000000 
1 5 1.000000 
1 5 1.000000 
1 5 1.000000 
1 5 1.000000 
1 5 1.000000 
1 5 1.000000 
1 5 1.000000 
1 5 1.000000 
1 5 1.000000 
1 5 1.000000 
1 5 1.000000 
1 5 1.000000 
1 5 1.000000 
1 5 1.000000 
1 5 1.000000 
1 5 1.000000 
1 5 1.000000 
1 5 1.000000 
1 5 1.000000 
3 3 0.549849 7 0.348497 8 0.101591 
3 2 0.602212 3 0.316610 7 0.081178 
4 3 0.654110 4 0.031974 7 0.237196 8 0.076719 
4 3 0.660995 4 0.031391 7 0.237178 8 0.070436 
3 3 0.693208 7 0.212316 8 0.094475 
2 3 0.009538 4 0.990462 
2 3 0.460836 4 0.539164 
1 4 1.000000 
2 4 0.987910 5 0.012090 
2 4 0.596831 5 0.403169 
1 5 1.000000 
1 5 1.000000 
1 5 1.000000 
1 5 1.000000 
1 5 1.000000 
1 5 1.000000 
1 5 1.000000 
2 4 0.041894 5 0.958106 
2 4 0.827696 5 0.172304 
4 3 0.660995 4 0.031391 7 0.237178 8 0.070436 
2 13 0.072667 17 0.927333 
2 18 0.022266 19 0.977734 
1 18 1.000000 
2 13 0.083710 17 0.916290 
1 18 1.000000 
2 13 0.016991 17 0.983009 
1 17 0.999805 
1 19 1.000000 
1 18 1.000000 
2 18 0.991277 19 0.008723 
1 18 1.000000 
1 18 1.000000 
2 18 0.018744 19 0.981256 
2 18 0.016554 19 0.983446 
1 19 1.000000 
1 19 1.000000 
1 17 0.999805 
2 17 0.046732 19 0.953268 
1 17 1.000000 
1 17 1.000000 
2 17 0.026759 18 0.973241 
2 13 0.016991 17 0.983009 
1 18 1.000000 
1 18 1.000000 
2 18 0.015846 19 0.984154 
1 19 1.000000 
1 13 1.000000 
1 13 1.000000 
1 13 1.000000 
1 13 1.000000 
1 13 1.000000 
1 13 1.000000 
2 13 0.072667 17 0.927333 
1 9 1.000000 
1 9 1.000000 
1 9 1.000000 
1 9 1.000000 
2 8 0.002619 9 0.997381 
1 9 1.000000 
1 9 1.000000 
1 9 1.000000 
1 9 1.000000 
1 9 1.000000 
1 9 1.000000 
1 9 1.000000 
1 9 1.000000 
1 9 1.000000 
1 9 1.000000 
1 9 1.000000 
1 9 1.000000 
1 9 1.000000 
1 9 1.000000 
1 9 1.000000 
1 9 1.000000 
1 9 1.000000 
1 9 1.000000 
1 9 1.000000 
1 9 1.000000 
1 19 1.000000 
1 19 1.000000 
1 19 1.000000 
2 17 0.132849 19 0.867151 
1 19 1.000000 
1 19 1.000000 
1 19 1.000000 
1 19 1.000000 
1 19 1.000000 
1 19 1.000000 
2 18 0.574770 19 0.425230 
2 18 0.036168 19 0.963832 
2 18 0.960636 19 0.039364 
2 18 0.960636 19 0.039364 
2 18 0.960636 19 0.039364 

snorlax.png

Name: Root_jnt
Parent: 20
Children: 2
1 13 
Transform: 1.000000 0.000000 0.000000 0.000000 0.000000 1.000000 0.000000 0.000000 0.000000 0.000000 1.000000 0.000000 0.000000 0.000000 0.000000 1.000000
Transform: 1.000000 0.000000 0.000000 0.000000 0.000000 1.000000 0.000000 0.000000 0.000000 0.000000 1.000000 0.000000 0.000000 0.000000 0.000000 1.000000
Index: 0

Name: SpineBase_jnt
Parent: 0
Children: 1
2 
Transform: -0.059098 -0.990583 -0.123498 0.020833 0.997506 -0.063383 0.031058 1.072716 -0.038593 -0.121355 0.991859 -0.198567 0.000000 0.000000 0.000000 1.000000
Transform: 0.000000 1.000000 0.000000 -1.072716 -1.000000 0.000000 0.000000 0.020833 0.000000 0.000000 1.000000 0.198567 0.000000 0.000000 0.000000 1.000000
Index: 1

Name: MidSpineBase_jnt
Parent: 1
Children: 1
3 
Transform: 0.999983 -0.000038 -0.005893 1.307719 0.000000 0.999979 -0.006415 0.000000 0.005893 0.006415 0.999962 0.000000 0.000000 0.000000 0.000000 1.000000
Transform: 0.000000 1.000000 0.000000 -2.380435 -1.000000 0.000000 0.000000 0.020833 0.000000 0.000000 1.000000 0.198567 0.000000 0.000000 0.000000 1.000000
Index: 2

Name: Chest_jnt
Parent: 2
Children: 3
4 7 10 
Transform: 0.999180 0.031613 -0.025303 1.712317 -0.027181 0.986812 0.159573 0.000000 0.030014 -0.158754 0.986862 0.000000 0.000000 0.000000 0.000000 1.000000
Transform: 0.000000 1.000000 0.000000 -4.092752 -1.000000 0.000000 0.000000 0.020833 0.000000 0.000000 1.000000 0.198567 0.000000 0.000000 0.000000 1.000000
Index: 3

Name: Head_jnt
Parent: 3
Children: 3
22 5 6 
Transform: 0.995961 -0.015790 0.088386 1.121028 -0.004731 0.973816 0.227286 0.000000 -0.089661 -0.226787 0.969809 0.000000 0.000000 0.000000 0.000000 1.000000
Transform: 0.000000 1.000000 0.000000 -5.213779 -1.000000 0.000000 0.000000 0.020833 0.000000 0.000000 1.000000 0.198567 0.000000 0.000000 0.000000 1.000000
Index: 4

Name: R_Ear_jnt
Parent: 4
Children: 1
23 
Transform: 0.699462 0.056513 0.712432 2.003455 0.629830 0.422355 -0.651867 1.253988 -0.337738 0.904667 0.259828 -0.172892 0.000000 0.000000 0.000000 1.000000
Transform: -0.585946 0.810350 -0.000000 -6.571047 -0.000000 -0.000000 1.000000 0.371459 0.810350 0.585946 0.000000 -3.229626 0.000000 0.000000 0.000000 1.000000
Index: 5

Name: L_Ear_jnt
Parent: 4
Children: 1
24 
Transform: 0.937523 -0.286985 0.196698 2.003455 -0.294001 -0.351156 0.888962 -1.212321 -0.186047 -0.891252 -0.413590 -0.172892 0.000000 0.000000 0.000000 1.000000
Transform: 0.585946 0.810350 -0.000000 -6.571047 -0.000000 0.000000 -1.000000 -0.371459 -0.810350 0.585946 0.000000 -3.229626 0.000000 0.000000 0.000000 1.000000
Index: 6

Name: R_Clavicle_jnt
Parent: 3
Children: 1
8 
Transform: 0.064201 0.086189 0.994208 0.328416 0.994071 0.082088 -0.071308 0.964360 -0.087759 0.992891 -0.080408 0.125348 0.000000 0.000000 0.000000 1.000000
Transform: -1.000000 0.000000 0.000000 -0.943526 0.000000 0.000000 1.000000 0.073219 0.000000 1.000000 -0.000000 -4.421168 0.000000 0.000000 0.000000 1.000000
Index: 7

Name: R_Arm_jnt
Parent: 7
Children: 1
9 
Transform: 0.883846 0.061204 0.463756 1.423136 0.009446 0.988866 -0.148508 -0.000000 -0.467682 0.135639 0.873428 -0.000000 0.000000 0.000000 0.000000 1.000000
Transform: -0.843640 -0.536909 0.000000 0.377155 0.000000 0.000000 1.000000 0.073219 -0.536909 0.843640 -0.000000 -5.000557 0.000000 0.000000 0.000000 1.000000
Index: 8

Name: R_Elbow_jnt
Parent: 8
Children: 1
25 
Transform: 0.980705 0.089641 0.173728 1.754217 -0.000652 0.890169 -0.455631 -0.000000 -0.195490 0.446726 0.873052 -0.000000 0.000000 0.000000 0.000000 1.000000
Transform: -0.618546 -0.785749 0.000000 0.354572 0.000000 0.000000 1.000000 0.073219 -0.785749 0.618546 -0.000000 -5.174567 0.000000 0.000000 0.000000 1.000000
Index: 9

Name: L_Clavicle_jnt
Parent: 3
Children: 1
11 
Transform: 0.163387 0.062704 0.984567 0.328416 -0.944154 -0.279515 0.174482 -0.922693 0.286142 -0.958092 0.013533 0.125348 0.000000 0.000000 0.000000 1.000000
Transform: 1.000000 -0.000000 0.000000 -0.943526 0.000000 0.000000 -1.000000 -0.073219 0.000000 1.000000 0.000000 -4.421168 0.000000 0.000000 0.000000 1.000000
Index: 10

Name: L_Arm_jnt
Parent: 10
Children: 1
12 
Transform: 0.732709 0.160327 0.661387 1.423136 0.289483 0.806119 -0.516112 0.000000 -0.615903 0.569621 0.544239 0.000000 0.000000 0.000000 0.000000 1.000000
Transform: 0.843640 -0.536909 -0.000000 0.377155 0.000000 0.000000 -1.000000 -0.073219 0.536909 0.843640 0.000000 -5.000557 0.000000 0.000000 0.000000 1.000000
Index: 11

Name: L_Elbow_jnt
Parent: 11
Children: 1
26 
Transform: 0.685696 -0.412178 0.599942 1.754217 0.448525 0.888411 0.097728 -0.000000 -0.573276 0.202077 0.794052 0.000000 0.000000 0.000000 0.000000 1.000000
Transform: 0.618546 -0.785749 -0.000000 0.354572 0.000000 0.000000 -1.000000 -0.073219 0.785749 0.618546 0.000000 -5.174567 0.000000 0.000000 0.000000 1.000000
Index: 12

Name: Hip_jnt
Parent: 0
Children: 3
27 14 17 
Transform: 0.000000 -1.000000 -0.000000 0.020833 -0.967268 -0.000000 0.253758 1.072716 -0.253758 0.000000 -0.967268 -0.198567 0.000000 0.000000 0.000000 1.000000
Transform: -0.000000 -0.967270 -0.253751 0.987219 -1.000000 0.000000 -0.000000 0.020833 0.000000 0.253751 -0.967270 -0.464270 0.000000 0.000000 0.000000 1.000000
Index: 13

Name: L_Leg_jnt
Parent: 13
Children: 1
15 
Transform: 0.967268 -0.000000 -0.253758 0.583689 0.000000 -1.000000 0.000000 -1.979167 -0.253758 -0.000000 -0.967268 0.146864 0.000000 0.000000 0.000000 1.000000
Transform: -0.000000 -1.000000 0.000000 0.545398 1.000000 -0.000000 -0.000000 -2.000000 0.000000 0.000000 1.000000 0.488735 0.000000 0.000000 0.000000 1.000000
Index: 14

Name: L_Ankle_jnt
Parent: 14
Children: 1
16 
Transform: 0.369098 0.000000 -0.929390 0.319852 0.000000 1.000000 0.000000 -0.000000 0.929390 0.000000 0.369098 -0.000000 0.000000 0.000000 0.000000 1.000000
Transform: -0.000000 -0.369096 0.929391 0.537474 1.000000 -0.000000 -0.000000 -2.000000 0.000000 0.929391 0.369096 -0.029231 0.000000 0.000000 0.000000 1.000000
Index: 15

Name: L_Toe_jnt
Parent: 15
Children: 1
28 
Transform: 0.929390 0.000000 -0.369098 0.525866 0.000000 1.000000 0.000000 0.000000 0.369098 0.000000 0.929390 -0.000000 0.000000 0.000000 0.000000 1.000000
Transform: 0.000000 0.000000 1.000000 -0.000000 1.000000 -0.000000 -0.000000 -2.000000 0.000000 1.000000 -0.000000 -0.031451 0.000000 0.000000 0.000000 1.000000
Index: 16

Name: R_Leg_jnt
Parent: 13
Children: 1
18 
Transform: 0.967268 -0.000000 -0.253758 0.583689 0.000000 -1.000000 0.000000 2.020833 -0.253758 -0.000000 -0.967268 0.146864 0.000000 0.000000 0.000000 1.000000
Transform: -0.000000 -1.000000 0.000000 0.545398 1.000000 -0.000000 -0.000000 2.000000 0.000000 0.000000 1.000000 0.488735 0.000000 0.000000 0.000000 1.000000
Index: 17

Name: R_Ankle_jnt
Parent: 17
Children: 1
19 
Transform: 0.369098 0.000000 -0.929390 0.319852 0.000000 1.000000 0.000000 -0.000000 0.929390 0.000000 0.369098 -0.000000 0.000000 0.000000 0.000000 1.000000
Transform: 0.000000 -0.369096 0.929391 0.537474 1.000000 -0.000000 -0.000000 2.000000 0.000000 0.929391 0.369096 -0.029231 0.000000 0.000000 0.000000 1.000000
Index: 18

Name: R_Toe_jnt
Parent: 18
Children: 1
29 
Transform: 0.929390 0.000000 -0.369098 0.525866 0.000000 1.000000 0.000000 -0.000000 0.369098 0.000000 0.929390 -0.000000 0.000000 0.000000 0.000000 1.000000
Transform: 0.000000 0.000000 1.000000 0.000000 1.000000 -0.000000 -0.000000 2.000000 0.000000 1.000000 -0.000000 -0.031451 0.000000 0.000000 0.000000 1.000000
Index: 19

Name: RootNode
Parent: -1
Children: 2
21 0 
Transform: 1.000000 0.000000 0.000000 0.000000 0.000000 1.000000 0.000000 0.000000 0.000000 0.000000 1.000000 0.000000 0.000000 0.000000 0.000000 1.000000
Transform: 1.000000 0.000000 0.000000 0.000000 0.000000 1.000000 0.000000 0.000000 0.000000 0.000000 1.000000 0.000000 0.000000 0.000000 0.000000 1.000000
Index: 20

Name: Snorlax_GEO
Parent: 20
Children: 0
Transform: 1.000000 0.000000 0.000000 0.000000 0.000000 1.000000 0.000000 0.000000 0.000000 0.000000 1.000000 0.000000 0.000000 0.000000 0.000000 1.000000
Transform: 1.000000 0.000000 0.000000 0.000000 0.000000 1.000000 0.000000 0.000000 0.000000 0.000000 1.000000 0.000000 0.000000 0.000000 0.000000 1.000000
Index: 21

Name: HeadEnd_jnt
Parent: 4
Children: 0
Transform: 1.000000 0.000000 0.000000 2.360489 0.000000 1.000000 0.000000 0.000000 0.000000 0.000000 1.000000 -0.000000 0.000000 0.000000 0.000000 1.000000
Transform: 1.000000 0.000000 0.000000 0.000000 0.000000 1.000000 0.000000 0.000000 0.000000 0.000000 1.000000 0.000000 0.000000 0.000000 0.000000 1.000000
Index: 22

Name: R_EarEnd
Parent: 5
Children: 0
Transform: 1.000000 0.000000 0.000000 0.756685 0.000000 1.000000 0.000000 -0.000000 0.000000 0.000000 1.000000 0.000000 0.000000 0.000000 0.000000 1.000000
Transform: 1.000000 0.000000 0.000000 0.000000 0.000000 1.000000 0.000000 0.000000 0.000000 0.000000 1.000000 0.000000 0.000000 0.000000 0.000000 1.000000
Index: 23

Name: L_EarEnd
Parent: 6
Children: 0
Transform: 1.000000 0.000000 0.000000 0.756685 0.000000 1.000000 0.000000 0.000000 0.000000 0.000000 1.000000 -0.000000 0.000000 0.000000 0.000000 1.000000
Transform: 1.000000 0.000000 0.000000 0.000000 0.000000 1.000000 0.000000 0.000000 0.000000 0.000000 1.000000 0.000000 0.000000 0.000000 0.000000 1.000000
Index: 24

Name: R_WristEnd_jnt
Parent: 9
Children: 0
Transform: -0.618546 -0.785749 -0.000000 1.285806 -0.000000 -0.000000 1.000000 0.000000 -0.785749 0.618546 -0.000000 -0.000000 0.000000 0.000000 0.000000 1.000000
Transform: 1.000000 0.000000 0.000000 0.000000 0.000000 1.000000 0.000000 0.000000 0.000000 0.000000 1.000000 0.000000 0.000000 0.000000 0.000000 1.000000
Index: 25

Name: L_WristEnd_jnt
Parent: 12
Children: 0
Transform: 0.618546 -0.785749 0.000000 1.285806 0.000000 -0.000000 -1.000000 -0.000000 0.785749 0.618546 -0.000000 -0.000000 0.000000 0.000000 0.000000 1.000000
Transform: 1.000000 0.000000 0.000000 0.000000 0.000000 1.000000 0.000000 0.000000 0.000000 0.000000 1.000000 0.000000 0.000000 0.000000 0.000000 1.000000
Index: 26

Name: Hip_End
Parent: 13
Children: 0
Transform: -0.000000 -0.967268 -0.253758 0.500409 -1.000000 0.000000 0.000000 -0.000000 0.000000 0.253758 -0.967268 -0.000000 0.000000 0.000000 0.000000 1.000000
Transform: 1.000000 0.000000 0.000000 0.000000 0.000000 1.000000 0.000000 0.000000 0.000000 0.000000 1.000000 0.000000 0.000000 0.000000 0.000000 1.000000
Index: 27

Name: L_Toe_End
Parent: 16
Children: 0
Transform: -0.000000 0.000000 1.000000 0.719563 1.000000 0.000000 0.000000 0.000000 0.000000 1.000000 -0.000000 -0.000000 0.000000 0.000000 0.000000 1.000000
Transform: 1.000000 0.000000 0.000000 0.000000 0.000000 1.000000 0.000000 0.000000 0.000000 0.000000 1.000000 0.000000 0.000000 0.000000 0.000000 1.000000
Index: 28

Name: R_Toe_End
Parent: 19
Children: 0
Transform: -0.000000 0.000000 1.000000 0.719563 1.000000 0.000000 0.000000 -0.000000 0.000000 1.000000 -0.000000 0.000000 0.000000 0.000000 0.000000 1.000000
Transform: 1.000000 0.000000 0.000000 0.000000 0.000000 1.000000 0.000000 0.000000 0.000000 0.000000 1.000000 0.000000 0.000000 0.000000 0.000000 1.000000
Index: 29

Name: AnimStack::Take 001
Duration: 30.000000
TicksPerSecond: 24.000000
BoneAnimations: 28
BoneIndex: 3
Keyframes: 5
Keyframe: 1.712317 0.000000 0.000000 0.000000 0.000000 0.000000 1.000000 1.000000 1.000000 1.000000 1.000000
Keyframe: 1.712317 0.000000 0.000000 -0.123527 -0.033160 -0.028717 0.991371 1.000000 1.000000 1.000000 6.000000
Keyframe: 1.712317 0.000000 0.000000 0.124591 -0.158693 -0.019156 0.979248 1.000000 1.000000 1.000000 14.000000
Keyframe: 1.712317 0.000000 0.000000 0.137700 -0.177198 -0.018540 0.974318 1.000000 1.000000 1.000000 17.000000
Keyframe: 1.712317 0.000000 0.000000 0.000000 0.000000 0.000000 1.000000 1.000000 1.000000 1.000000 30.000000
BoneIndex: 22
Keyframes: 4
Keyframe: 2.360489 0.000000 -0.000000 0.000000 0.000000 0.000000 1.000000 1.000000 1.000000 1.000000 1.000000
Keyframe: 2.360489 0.000000 0.000000 0.000000 0.000000 0.000000 1.000000 1.000000 1.000000 1.000000 14.000000
Keyframe: 2.360489 0.000000 0.000000 0.000000 0.000000 0.000000 1.000000 1.000000 1.000000 1.000000 17.000000
Keyframe: 2.360489 0.000000 -0.000000 0.000000 0.000000 0.000000 1.000000 1.000000 1.000000 1.000000 30.000000
BoneIndex: 4
Keyframes: 6
Keyframe: 1.121028 0.000000 0.000000 0.000000 0.000000 0.000000 1.000000 1.000000 1.000000 1.000000 1.000000
Keyframe: 1.121028 0.000000 0.000000 -0.175652 0.068780 0.008606 0.982009 1.000000 1.000000 1.000000 6.000000
Keyframe: 1.121028 0.000000 0.000000 0.000000 0.000000 0.000000 1.000000 1.000000 1.000000 1.000000 14.000000
Keyframe: 1.121028 0.000000 0.000000 0.000000 0.000000 0.000000 1.000000 1.000000 1.000000 1.000000 17.000000
Keyframe: 1.121028 0.000000 0.000000 0.066322 -0.163954 -0.025412 0.983908 1.000000 1.000000 1.000000 24.000000
Keyframe: 1.121028 0.000000 0.000000 0.000000 0.000000 0.000000 1.000000 1.000000 1.000000 1.000000 30.000000
BoneIndex: 27
Keyframes: 4
Keyframe: 0.500409 -0.000000 -0.000000 -0.701297 0.701297 0.090460 -0.090460 1.000000 1.000000 1.000000 1.000000
Keyframe: 0.500409 0.000000 0.000000 -0.701297 0.701297 0.090460 -0.090460 1.000000 1.000000 1.000000 14.000000
Keyframe: 0.500409 0.000000 0.000000 -0.701297 0.701297 0.090460 -0.090460 1.000000 1.000000 1.000000 17.000000
Keyframe: 0.500409 -0.000000 -0.000000 -0.701297 0.701297 0.090460 -0.090460 1.000000 1.000000 1.000000 30.000000
BoneIndex: 13
Keyframes: 4
Keyframe: 0.020833 1.072716 -0.198567 0.701297 -0.701297 -0.090460 -0.090460 1.000000 1.000000 1.000000 1.000000
Keyframe: 0.020833 1.072716 -0.198567 0.701297 -0.701297 -0.090460 -0.090460 1.000000 1.000000 1.000000 14.000000
Keyframe: 0.020833 1.072716 -0.198567 0.701297 -0.701297 -0.090460 -0.090460 1.000000 1.000000 1.000000 17.000000
Keyframe: 0.020833 1.072716 -0.198567 0.701297 -0.701297 -0.090460 -0.090460 1.000000 1.000000 1.000000 30.000000
BoneIndex: 15
Keyframes: 4
Keyframe: 0.319852 -0.000000 -0.000000 0.000000 -0.561650 0.000000 0.827375 1.000000 1.000000 1.000000 1.000000
Keyframe: 0.319852 0.000000 0.000000 0.000000 -0.561650 0.000000 0.827375 1.000000 1.000000 1.000000 14.000000
Keyframe: 0.319852 0.000000 0.000000 0.000000 -0.561650 0.000000 0.827375 1.000000 1.000000 1.000000 17.000000
Keyframe: 0.319852 -0.000000 -0.000000 0.000000 -0.561650 0.000000 0.827375 1.000000 1.000000 1.000000 30.000000
BoneIndex: 11
Keyframes: 6
Keyframe: 1.423136 0.000000 0.000000 0.000000 0.279603 0.000000 0.960116 1.000000 1.000000 1.000000 1.000000
Keyframe: 1.423136 0.000000 0.000000 0.309173 0.363721 0.036779 0.877933 1.000000 1.000000 1.000000 4.000000
Keyframe: 1.423136 0.000000 0.000000 0.036951 0.153375 -0.115384 0.980713 1.000000 1.000000 1.000000 9.000000
Keyframe: 1.423136 0.000000 0.000000 0.000000 0.279603 0.000000 0.960116 1.000000 1.000000 1.000000 14.000000
Keyframe: 1.423136 0.000000 0.000000 0.000000 0.279603 0.000000 0.960116 1.000000 1.000000 1.000000 17.000000
Keyframe: 1.423136 0.000000 0.000000 0.000000 0.279603 0.000000 0.960116 1.000000 1.000000 1.000000 30.000000
BoneIndex: 10
Keyframes: 6
Keyframe: 0.328416 -0.922693 0.125348 0.500000 -0.500000 0.500000 -0.500000 1.000000 1.000000 1.000000 1.000000
Keyframe: 0.328416 -0.922693 0.125348 0.597781 -0.368634 0.531428 -0.473657 1.000000 1.000000 1.000000 4.000000
Keyframe: 0.328416 -0.922693 0.125348 -0.455554 0.471407 -0.522679 0.545025 1.000000 1.000000 1.000000 9.000000
Keyframe: 0.328416 -0.922693 0.125348 -0.348733 0.493474 -0.330344 0.725080 1.000000 1.000000 1.000000 14.000000
Keyframe: 0.328416 -0.922693 0.125348 -0.307579 0.347031 -0.540809 0.701777 1.000000 1.000000 1.000000 17.000000
Keyframe: 0.328416 -0.922693 0.125348 0.500000 -0.500000 0.500000 -0.500000 1.000000 1.000000 1.000000 30.000000
BoneIndex: 24
Keyframes: 4
Keyframe: 0.756685 0.000000 -0.000000 0.000000 0.000000 0.000000 1.000000 1.000000 1.000000 1.000000 1.000000
Keyframe: 0.756685 0.000000 0.000000 0.000000 0.000000 0.000000 1.000000 1.000000 1.000000 1.000000 14.000000
Keyframe: 0.756685 0.000000 0.000000 0.000000 0.000000 0.000000 1.000000 1.000000 1.000000 1.000000 17.000000
Keyframe: 0.756685 0.000000 -0.000000 0.000000 0.000000 0.000000 1.000000 1.000000 1.000000 1.000000 30.000000
BoneIndex: 6
Keyframes: 5
Keyframe: 2.003455 -1.212321 -0.172892 -0.672746 0.217745 -0.217745 0.672746 1.000000 1.000000 1.000000 1.000000
Keyframe: 2.003455 -1.212321 -0.172892 0.923209 -0.055516 -0.177790 -0.336146 1.000000 1.000000 1.000000 7.000000
Keyframe: 2.003455 -1.212321 -0.172892 -0.672746 0.217745 -0.217745 0.672746 1.000000 1.000000 1.000000 14.000000
Keyframe: 2.003455 -1.212321 -0.172892 -0.791230 -0.148347 -0.276219 0.525024 1.000000 1.000000 1.000000 20.000000
Keyframe: 2.003455 -1.212321 -0.172892 -0.672746 0.217745 -0.217745 0.672746 1.000000 1.000000 1.000000 30.000000
BoneIndex: 12
Keyframes: 5
Keyframe: 1.754217 -0.000000 0.000000 0.000000 0.167767 0.000000 0.985827 1.000000 1.000000 1.000000 1.000000
Keyframe: 1.754217 -0.000000 0.000000 0.028429 0.319634 0.234491 0.917627 1.000000 1.000000 1.000000 4.000000
Keyframe: 1.754217 -0.000000 0.000000 0.122488 -0.068184 -0.454395 0.879700 1.000000 1.000000 1.000000 9.000000
Keyframe: 1.754217 0.000000 0.000000 0.000000 0.167767 0.000000 0.985827 1.000000 1.000000 1.000000 14.000000
Keyframe: 1.754217 -0.000000 0.000000 0.000000 0.167767 0.000000 0.985827 1.000000 1.000000 1.000000 30.000000
BoneIndex: 14
Keyframes: 4
Keyframe: 0.583689 -1.979167 0.146864 0.991783 -0.000000 -0.127930 -0.000000 1.000000 1.000000 1.000000 1.000000
Keyframe: 0.583689 -1.979167 0.146864 0.991783 -0.000000 -0.127930 -0.000000 1.000000 1.000000 1.000000 14.000000
Keyframe: 0.583689 -1.979167 0.146864 0.991783 -0.000000 -0.127930 -0.000000 1.000000 1.000000 1.000000 17.000000
Keyframe: 0.583689 -1.979167 0.146864 0.991783 -0.000000 -0.127930 -0.000000 1.000000 1.000000 1.000000 30.000000
BoneIndex: 28
Keyframes: 4
Keyframe: 0.719563 0.000000 -0.000000 0.500000 0.500000 0.500000 0.500000 1.000000 1.000000 1.000000 1.000000
Keyframe: 0.719563 0.000000 0.000000 0.500000 0.500000 0.500000 0.500000 1.000000 1.000000 1.000000 14.000000
Keyframe: 0.719563 0.000000 0.000000 0.500000 0.500000 0.500000 0.500000 1.000000 1.000000 1.000000 17.000000
Keyframe: 0.719563 0.000000 -0.000000 0.500000 0.500000 0.500000 0.500000 1.000000 1.000000 1.000000 30.000000
BoneIndex: 16
Keyframes: 4
Keyframe: 0.525866 0.000000 -0.000000 0.000000 -0.187896 0.000000 0.982189 1.000000 1.000000 1.000000 1.000000
Keyframe: 0.525866 0.000000 0.000000 0.000000 -0.187896 0.000000 0.982189 1.000000 1.000000 1.000000 14.000000
Keyframe: 0.525866 0.000000 0.000000 0.000000 -0.187896 0.000000 0.982189 1.000000 1.000000 1.000000 17.000000
Keyframe: 0.525866 0.000000 -0.000000 0.000000 -0.187896 0.000000 0.982189 1.000000 1.000000 1.000000 30.000000
BoneIndex: 26
Keyframes: 4
Keyframe: 1.285806 -0.000000 -0.000000 0.636110 -0.308810 0.308810 0.636110 1.000000 1.000000 1.000000 1.000000
Keyframe: 1.285806 0.000000 0.000000 0.636110 -0.308810 0.308810 0.636110 1.000000 1.000000 1.000000 14.000000
Keyframe: 1.285806 0.000000 0.000000 0.636110 -0.308810 0.308810 0.636110 1.000000 1.000000 1.000000 17.000000
Keyframe: 1.285806 -0.000000 -0.000000 0.636110 -0.308810 0.308810 0.636110 1.000000 1.000000 1.000000 30.000000
BoneIndex: 2
Keyframes: 4
Keyframe: 1.307719 0.000000 0.000000 0.000000 0.000000 0.000000 1.000000 1.000000 1.000000 1.000000 1.000000
Keyframe: 1.307719 0.000000 0.000000 0.032697 -0.030034 0.000983 0.999013 1.000000 1.000000 1.000000 14.000000
Keyframe: 1.307719 0.000000 0.000000 0.036487 -0.033515 0.001224 0.998771 1.000000 1.000000 1.000000 17.000000
Keyframe: 1.307719 0.000000 0.000000 0.000000 0.000000 0.000000 1.000000 1.000000 1.000000 1.000000 30.000000
BoneIndex: 18
Keyframes: 4
Keyframe: 0.319852 -0.000000 -0.000000 0.000000 -0.561650 0.000000 0.827375 1.000000 1.000000 1.000000 1.000000
Keyframe: 0.319852 0.000000 0.000000 0.000000 -0.561650 0.000000 0.827375 1.000000 1.000000 1.000000 14.000000
Keyframe: 0.319852 0.000000 0.000000 0.000000 -0.561650 0.000000 0.827375 1.000000 1.000000 1.000000 17.000000
Keyframe: 0.319852 -0.000000 -0.000000 0.000000 -0.561650 0.000000 0.827375 1.000000 1.000000 1.000000 30.000000
BoneIndex: 8
Keyframes: 6
Keyframe: 1.423136 -0.000000 -0.000000 0.000000 0.279603 0.000000 0.960116 1.000000 1.000000 1.000000 1.000000
Keyframe: 1.423136 -0.000000 -0.000000 0.148586 0.181936 -0.004028 0.972011 1.000000 1.000000 1.000000 6.000000
Keyframe: 1.423136 -0.000000 -0.000000 0.337040 0.001730 0.235978 0.911436 1.000000 1.000000 1.000000 11.000000
Keyframe: 1.423136 0.000000 0.000000 0.270722 0.403220 0.256642 0.835618 1.000000 1.000000 1.000000 14.000000
Keyframe: 1.423136 0.000000 0.000000 0.292870 0.430592 0.277166 0.807463 1.000000 1.000000 1.000000 17.000000
Keyframe: 1.423136 -0.000000 -0.000000 0.000000 0.279603 0.000000 0.960116 1.000000 1.000000 1.000000 30.000000
BoneIndex: 7
Keyframes: 5
Keyframe: 0.328416 0.964360 0.125348 0.500000 0.500000 0.500000 0.500000 1.000000 1.000000 1.000000 1.000000
Keyframe: 0.328416 0.964360 0.125348 0.551595 0.542662 0.356588 0.523552 1.000000 1.000000 1.000000 7.000000
Keyframe: 0.328416 0.964360 0.125348 0.687846 0.439665 0.422123 0.394176 1.000000 1.000000 1.000000 14.000000
Keyframe: 0.328416 0.964360 0.125348 0.675832 0.397466 0.464135 0.412130 1.000000 1.000000 1.000000 17.000000
Keyframe: 0.328416 0.964360 0.125348 0.500000 0.500000 0.500000 0.500000 1.000000 1.000000 1.000000 30.000000
BoneIndex: 23
Keyframes: 4
Keyframe: 0.756685 -0.000000 0.000000 0.000000 0.000000 0.000000 1.000000 1.000000 1.000000 1.000000 1.000000
Keyframe: 0.756685 0.000000 0.000000 0.000000 0.000000 0.000000 1.000000 1.000000 1.000000 1.000000 14.000000
Keyframe: 0.756685 0.000000 0.000000 0.000000 0.000000 0.000000 1.000000 1.000000 1.000000 1.000000 17.000000
Keyframe: 0.756685 -0.000000 0.000000 0.000000 0.000000 0.000000 1.000000 1.000000 1.000000 1.000000 30.000000
BoneIndex: 5
Keyframes: 5
Keyframe: 2.003455 1.253988 -0.172892 0.672746 0.217745 0.217745 0.672746 1.000000 1.000000 1.000000 1.000000
Keyframe: 2.003455 1.253988 -0.172892 0.295846 0.455721 0.186398 0.818565 1.000000 1.000000 1.000000 7.000000
Keyframe: 2.003455 1.253988 -0.172892 0.672746 0.217745 0.217745 0.672746 1.000000 1.000000 1.000000 14.000000
Keyframe: 2.003455 1.253988 -0.172892 0.704731 0.057914 0.366005 0.605013 1.000000 1.000000 1.000000 20.000000
Keyframe: 2.003455 1.253988 -0.172892 0.672746 0.217745 0.217745 0.672746 1.000000 1.000000 1.000000 30.000000
BoneIndex: 9
Keyframes: 8
Keyframe: 1.754217 -0.000000 -0.000000 0.000000 0.167767 0.000000 0.985827 1.000000 1.000000 1.000000 1.000000
Keyframe: 1.754217 -0.000000 -0.000000 0.356887 0.001648 -0.002277 0.934143 1.000000 1.000000 1.000000 6.000000
Keyframe: 1.754217 -0.000000 -0.000000 0.261133 -0.291840 -0.108797 0.913675 1.000000 1.000000 1.000000 9.000000
Keyframe: 1.754217 -0.000000 -0.000000 0.482161 -0.230456 0.062982 0.842879 1.000000 1.000000 1.000000 11.000000
Keyframe: 1.754217 -0.000000 -0.000000 0.258494 -0.210755 0.153181 0.930215 1.000000 1.000000 1.000000 13.000000
Keyframe: 1.754217 0.000000 0.000000 -0.015137 0.484659 0.167854 0.858313 1.000000 1.000000 1.000000 14.000000
Keyframe: 1.754217 0.000000 0.000000 0.001173 0.523459 0.158005 0.837272 1.000000 1.000000 1.000000 17.000000
Keyframe: 1.754217 -0.000000 -0.000000 0.000000 0.167767 0.000000 0.985827 1.000000 1.000000 1.000000 30.000000
BoneIndex: 17
Keyframes: 4
Keyframe: 0.583689 2.020833 0.146864 0.991783 -0.000000 -0.127930 -0.000000 1.000000 1.000000 1.000000 1.000000
Keyframe: 0.583689 2.020833 0.146864 0.991783 -0.000000 -0.127930 -0.000000 1.000000 1.000000 1.000000 14.000000
Keyframe: 0.583689 2.020833 0.146864 0.991783 -0.000000 -0.127930 -0.000000 1.000000 1.000000 1.000000 17.000000
Keyframe: 0.583689 2.020833 0.146864 0.991783 -0.000000 -0.127930 -0.000000 1.000000 1.000000 1.000000 30.000000
BoneIndex: 29
Keyframes: 4
Keyframe: 0.719563 -0.000000 0.000000 0.500000 0.500000 0.500000 0.500000 1.000000 1.000000 1.000000 1.000000
Keyframe: 0.719563 0.000000 0.000000 0.500000 0.500000 0.500000 0.500000 1.000000 1.000000 1.000000 14.000000
Keyframe: 0.719563 0.000000 0.000000 0.500000 0.500000 0.500000 0.500000 1.000000 1.000000 1.000000 17.000000
Keyframe: 0.719563 -0.000000 0.000000 0.500000 0.500000 0.500000 0.500000 1.000000 1.000000 1.000000 30.000000
BoneIndex: 19
Keyframes: 4
Keyframe: 0.525866 -0.000000 -0.000000 0.000000 -0.187896 0.000000 0.982189 1.000000 1.000000 1.000000 1.000000
Keyframe: 0.525866 0.000000 0.000000 0.000000 -0.187896 0.000000 0.982189 1.000000 1.000000 1.000000 14.000000
Keyframe: 0.525866 0.000000 0.000000 0.000000 -0.187896 0.000000 0.982189 1.000000 1.000000 1.000000 17.000000
Keyframe: 0.525866 -0.000000 -0.000000 0.000000 -0.187896 0.000000 0.982189 1.000000 1.000000 1.000000 30.000000
BoneIndex: 25
Keyframes: 4
Keyframe: 1.285806 0.000000 -0.000000 -0.308810 0.636110 0.636110 0.308810 1.000000 1.000000 1.000000 1.000000
Keyframe: 1.285806 0.000000 0.000000 -0.308810 0.636110 0.636110 0.308810 1.000000 1.000000 1.000000 14.000000
Keyframe: 1.285806 0.000000 0.000000 -0.308810 0.636110 0.636110 0.308810 1.000000 1.000000 1.000000 17.000000
Keyframe: 1.285806 0.000000 -0.000000 -0.308810 0.636110 0.636110 0.308810 1.000000 1.000000 1.000000 30.000000
BoneIndex: 0
Keyframes: 4
Keyframe: 0.000000 0.000000 0.000000 0.000000 0.000000 0.000000 1.000000 1.000000 1.000000 1.000000 1.000000
Keyframe: 0.000000 0.000000 0.000000 0.000000 0.000000 0.000000 1.000000 1.000000 1.000000 1.000000 14.000000
Keyframe: 0.000000 0.000000 0.000000 0.000000 0.000000 0.000000 1.000000 1.000000 1.000000 1.000000 17.000000
Keyframe: 0.000000 0.000000 0.000000 0.000000 0.000000 0.000000 1.000000 1.000000 1.000000 1.000000 30.000000
BoneIndex: 1
Keyframes: 5
Keyframe: 0.020833 1.072716 -0.198567 0.000000 0.000000 0.707107 0.707107 1.000000 1.000000 1.000000 1.000000
Keyframe: 0.020833 1.072716 -0.198567 -0.085104 -0.049268 0.736946 0.668761 1.000000 1.000000 1.000000 6.000000
Keyframe: 0.020833 1.072716 -0.198567 0.105125 0.031683 0.715823 0.689596 1.000000 1.000000 1.000000 14.000000
Keyframe: 0.020833 1.072716 -0.198567 0.117008 0.036050 0.719692 0.683413 1.000000 1.000000 1.000000 17.000000
Keyframe: 0.020833 1.072716 -0.198567 0.000000 0.000000 0.707107 0.707107 1.000000 1.000000 1.000000 30.000000

