MeshCount: 1
TextureCount: 1
BoneCount: 0
AnimationCount: 0

VertexCount: 437
IndexCount: 894
-2.028213 -1.290620 0.000000 -0.004414 -0.999990 0.000000 0.267761 0.670524
0.092647 -1.267598 0.000000 0.031642 -0.999499 0.000000 0.489329 0.670523
0.092647 -1.267598 0.860053 0.032160 -0.999483 -0.000000 0.489328 0.580678
-2.028213 -1.290619 0.677069 -0.003031 -0.999995 0.000000 0.267761 0.599794
-1.716724 0.275011 0.320150 -0.248584 0.968610 0.000000 0.043861 0.738500
-0.618413 0.556882 0.457361 -0.134329 0.990937 0.000000 0.162391 0.752178
-0.618413 0.556882 0.000000 -0.139716 0.990192 0.000000 0.162127 0.704401
-1.716724 0.275011 0.000000 -0.248584 0.968610 0.000000 0.043676 0.705060
4.223117 -0.587481 0.000000 1.000000 0.000000 0.000000 0.819348 0.784301
4.223117 -0.061561 0.000000 1.000000 0.000000 0.000000 0.874288 0.784301
4.223117 -0.061561 0.392390 1.000000 0.000000 0.000000 0.874288 0.743395
4.223117 -0.587481 0.414830 1.000000 0.000000 0.000000 0.819348 0.741051
-4.223862 -1.172094 0.163431 -1.000000 0.000000 0.000000 0.844315 0.918976
-4.223862 -0.606789 0.206458 -1.000000 0.000000 0.000000 0.785260 0.914481
-4.223862 -0.606789 0.000000 -1.000000 0.000000 0.000000 0.785260 0.935973
-4.223862 -1.172094 0.000000 -1.000000 0.000000 0.000000 0.844315 0.935972
2.599047 -1.136043 0.000000 0.149470 -0.988766 0.000000 0.751292 0.670522
4.463035 -0.664802 0.000000 0.245102 -0.969497 0.000000 0.952139 0.670519
4.463035 -0.664802 0.470310 0.245102 -0.969497 -0.000000 0.952138 0.621389
2.599047 -1.136044 0.834814 0.143020 -0.989720 -0.000000 0.751291 0.583313
-4.463035 -1.242692 0.211077 -0.019681 -0.999806 -0.000000 0.013478 0.648474
-4.463035 -1.242692 0.000000 -0.019681 -0.999806 -0.000000 0.013478 0.670524
0.751351 0.596797 0.496201 0.016748 0.999860 0.000000 0.305564 0.755444
2.067113 0.514847 0.477895 0.062163 0.998066 0.000000 0.443267 0.752771
2.067113 0.514847 0.000000 0.062163 0.998066 0.000000 0.442992 0.702849
0.751351 0.596797 0.000000 0.016535 0.999863 0.000000 0.305277 0.703610
2.453753 -0.620559 4.708600 0.408035 -0.069074 0.910349 0.504990 0.694171
3.585037 -0.613511 4.204276 0.408035 -0.069074 0.910349 0.634246 0.688242
3.597280 -0.521928 4.203535 0.408035 -0.069074 0.910349 0.635061 0.678626
2.473791 -0.521927 4.709305 0.408035 -0.069074 0.910349 0.506453 0.683771
-4.463035 -0.803272 0.388337 -0.188258 -0.412495 0.891295 0.016213 0.533118
-4.463035 -1.242692 0.211077 -0.188258 -0.412495 0.891295 0.016437 0.582556
-2.028213 -1.290619 0.677069 -0.167160 -0.434537 0.885006 0.275029 0.567920
-2.028213 -0.447788 1.093241 -0.170430 -0.397280 0.901733 0.275975 0.469760
0.092647 -1.267598 0.860053 -0.037708 -0.717716 0.695314 0.496987 0.561031
2.599047 -1.136044 0.834814 0.181684 -0.801063 0.570341 0.758987 0.571316
2.567999 -0.900092 1.181500 0.182575 -0.800935 0.570237 0.758401 0.527396
0.089722 -1.012311 1.203758 -0.045944 -0.707054 0.705666 0.499469 0.516382
4.463035 -0.664802 0.470310 0.303452 -0.777016 0.551510 0.962828 0.586745
3.092537 -0.663783 1.228649 0.303452 -0.777016 0.551509 0.816896 0.512743
4.463035 -0.471608 0.607239 0.398196 0.284038 0.872217 0.967351 0.563288
4.463035 0.015760 0.448528 0.346076 0.403753 0.846885 0.996402 0.518310
3.092537 -0.458500 1.228649 0.205234 0.647938 0.733523 0.826049 0.494401
2.599047 0.035831 0.865273 0.174325 0.690249 0.702258 0.827450 0.412162
2.698883 -0.279204 1.176372 0.174325 0.690249 0.702258 0.805205 0.453988
0.235364 0.035831 0.890512 -0.503225 0.851629 0.146603 0.297138 0.455997
-0.486631 -0.284496 0.832147 -0.503225 0.851629 0.146603 0.379118 0.448823
-0.477417 -0.455149 1.295980 -0.503225 0.851629 0.146603 0.378493 0.397703
0.235364 0.035831 1.449641 -0.503225 0.851629 0.146603 0.286467 0.398646
-0.477417 -0.596527 1.295980 -0.136580 -0.501665 0.854212 0.439901 0.475768
-0.477417 -0.455149 1.295980 -0.155837 -0.384703 0.909790 0.438799 0.462360
0.089722 -1.012311 1.203758 -0.045944 -0.707054 0.705666 0.499379 0.518015
-0.477417 -0.596527 1.295980 -0.136580 -0.501665 0.854212 0.439585 0.475946
0.089722 -1.012311 1.203758 -0.258102 -0.953142 0.157808 0.794338 0.355595
2.567999 -0.900092 1.181500 0.188593 -0.981590 0.030223 0.679892 0.123066
3.585037 -0.613511 4.204276 0.080540 -0.994425 0.068065 0.348617 0.169471
2.453753 -0.620559 4.708600 0.004823 -0.994233 0.107136 0.354474 0.298731
3.092537 -0.663783 1.228649 0.414139 -0.908658 -0.053193 0.648206 0.071762
3.092537 -0.663783 1.228649 0.985400 -0.041050 -0.165233 0.947278 0.724442
3.092537 -0.458500 1.228649 0.985400 -0.041050 -0.165233 0.949387 0.703120
3.597280 -0.521928 4.203535 0.985400 -0.041050 -0.165233 0.635057 0.678664
3.585037 -0.613511 4.204276 0.985400 -0.041050 -0.165233 0.634246 0.688242
3.092537 -0.458500 1.228649 0.351481 0.935290 0.041144 0.362484 0.374162
2.615753 -0.330962 2.402465 0.161041 0.986459 0.031043 0.291451 0.261696
3.597280 -0.521928 4.203535 0.067795 0.995509 0.066074 0.077396 0.239528
-0.477417 -0.455149 1.295980 -0.214906 0.976614 0.006384 0.569177 0.056714
-0.431162 -0.449666 2.014367 -0.150698 0.985106 0.082802 0.503753 0.019629
0.115751 -0.325555 1.438861 -0.152483 0.985983 0.067726 0.521928 0.101583
-0.477417 -0.455149 1.295980 -0.997988 0.019979 0.060173 0.017250 0.680634
-0.477417 -0.596527 1.295980 -0.997988 0.019979 0.060173 0.017041 0.695399
-0.436973 -0.597943 2.014163 -0.997988 0.019979 0.060173 0.092174 0.696617
-0.431162 -0.449666 2.014367 -0.997988 0.019979 0.060173 0.092451 0.681126
-0.477417 -0.596527 1.295980 -0.587625 -0.808520 0.031498 0.810277 0.427951
-0.436973 -0.597943 2.014163 -0.376467 -0.900905 0.215970 0.738504 0.450203
-2.028213 -0.447788 1.093241 -0.130107 0.862945 0.488261 0.540394 0.418696
-2.028213 -0.281936 0.707528 -0.147712 0.847589 0.509680 0.540164 0.461722
-4.463035 -0.536191 0.249296 -0.241247 0.748582 0.617596 0.797043 0.501257
-4.463035 -0.803272 0.388337 -0.241247 0.748582 0.617596 0.802183 0.472604
3.092537 -0.458500 1.228649 0.428598 -0.293618 0.854455 0.826049 0.494401
3.092537 -0.663783 1.228649 0.428598 -0.293618 0.854455 0.817003 0.512798
4.463035 -0.664802 0.470310 0.428598 -0.293618 0.854455 0.962828 0.586745
4.463035 -0.471608 0.607239 0.428598 -0.293617 0.854455 0.967238 0.563233
0.235364 0.035831 0.890512 -0.079973 0.538916 0.838555 0.256175 0.830174
2.599047 0.035831 0.865273 0.022839 0.600905 0.798994 0.502528 0.813598
2.067113 0.514847 0.477895 0.022839 0.600905 0.798994 0.443222 0.752772
0.751351 0.596797 0.496201 0.004124 0.600600 0.799539 0.305564 0.755444
-2.028213 -0.281936 0.707528 -0.137108 0.487589 0.862240 0.008942 0.831945
-0.486631 -0.284496 0.832147 -0.185901 0.428239 0.884337 0.169232 0.848982
-0.618413 0.556882 0.457361 -0.141854 0.483355 0.863855 0.163071 0.752602
-1.716724 0.275011 0.320150 -0.137108 0.487589 0.862240 0.044767 0.763554
-0.618413 0.556882 0.457361 -0.141854 0.483355 0.863855 0.163131 0.752067
-4.463035 -0.536191 0.000000 -0.115205 0.993342 0.000000 0.876061 0.398615
-4.463035 -0.536191 0.249296 -0.112433 0.993640 -0.006263 0.901844 0.394949
-3.880557 -0.468637 0.267983 -0.094120 0.994435 -0.047336 0.895154 0.334028
-3.880558 -0.468637 0.000000 -0.115205 0.993342 0.000000 0.867499 0.337961
-2.028213 -0.281936 0.707528 -0.083194 0.993958 -0.071596 0.913239 0.135039
-2.035070 -0.308166 0.593677 -0.083194 0.993958 -0.071596 0.901609 0.137730
-2.028213 -0.281936 0.707528 -0.882044 0.470594 -0.023235 0.913239 0.135039
-1.716724 0.275011 0.320150 -0.877511 0.479416 -0.011619 0.872751 0.068390
-1.770876 0.178186 0.257715 -0.877511 0.479416 -0.011619 0.866236 0.079977
-2.035070 -0.308166 0.593677 -0.882044 0.470594 -0.023235 0.901333 0.137793
-1.716724 0.275011 0.000000 -0.872774 0.488125 0.000000 0.839311 0.068390
-1.770876 0.178186 0.000000 -0.872774 0.488125 0.000000 0.839383 0.079977
-1.770876 0.178186 0.257715 -0.293130 0.956073 0.000000 0.842103 0.102473
-1.770876 0.178186 0.000000 -0.293130 0.956073 0.000000 0.815242 0.102474
-3.880558 -0.468637 0.000000 -0.293130 0.956073 0.000000 0.815249 0.332987
-3.880557 -0.468637 0.267983 -0.293130 0.956073 0.000000 0.843182 0.332986
-2.035070 -0.308166 0.593677 -0.188036 0.625321 0.757374 0.895750 0.143665
-1.770876 0.178186 0.257715 -0.188036 0.625321 0.757374 0.842103 0.102473
-3.880557 -0.468637 0.267983 -0.188036 0.625321 0.757374 0.843182 0.332986
2.067113 0.514847 0.477895 0.675053 0.737692 -0.010654 0.020646 0.936904
2.599047 0.035831 0.865273 0.364965 0.930953 -0.011252 0.095647 0.976957
2.610043 0.017909 0.750043 0.365110 0.930896 -0.011256 0.097687 0.964908
2.149552 0.440609 0.411788 0.675053 0.737692 -0.010654 0.032197 0.929935
4.463035 0.015760 0.448528 0.022431 0.999748 0.000029 0.293008 0.947619
3.706125 0.034606 0.474645 0.009359 0.999956 0.000183 0.213946 0.944621
2.610043 0.017909 0.750043 0.365110 0.930896 -0.011256 0.097666 0.965035
4.463035 0.015760 0.000000 0.024890 0.999690 0.000000 0.296397 0.900887
3.706125 0.034606 0.000000 0.024890 0.999690 0.000000 0.217532 0.895167
3.706125 0.034606 0.474645 0.252387 0.967626 -0.000000 0.209413 0.914627
3.706125 0.034606 0.000000 0.252387 0.967626 0.000000 0.209139 0.865045
2.149552 0.440609 0.000000 0.252387 0.967626 0.000000 0.041095 0.865975
2.149552 0.440609 0.411788 0.252387 0.967626 -0.000000 0.041333 0.908991
2.610043 0.017909 0.750043 0.159592 0.716923 0.678640 0.098818 0.955980
3.706125 0.034606 0.474645 0.159592 0.716923 0.678640 0.209413 0.914627
2.149552 0.440609 0.411788 0.159592 0.716923 0.678640 0.041333 0.908991
1.422332 -0.330962 2.803664 -0.078634 0.987250 0.138402 0.327434 0.135189
2.473791 -0.521927 4.709305 0.005226 0.995046 0.099280 0.100291 0.112873
2.758200 1.290620 1.127268 0.000000 1.000000 0.000000 0.715080 0.840924
1.782891 1.290620 1.131701 0.000000 1.000000 0.000000 0.613211 0.842764
1.782891 1.290620 1.187646 0.000000 1.000000 0.000000 0.613290 0.848608
2.758200 1.290620 1.183213 0.000000 1.000000 0.000000 0.715159 0.846767
2.599047 0.035831 1.424402 0.009011 0.996542 0.082598 0.044252 0.444516
0.235364 0.035831 1.449641 0.006258 0.998334 0.057363 0.286467 0.398646
1.416335 -0.150655 2.653477 0.018231 0.985769 0.167112 0.142927 0.295090
2.576288 -0.150655 2.294318 0.018231 0.985769 0.167112 0.030096 0.352976
0.115751 -0.325555 1.438861 -0.670283 0.313672 0.672556 0.308793 0.365960
1.422332 -0.330962 2.803664 -0.670283 0.313672 0.672556 0.135562 0.271909
1.416335 -0.150655 2.653477 -0.670283 0.313672 0.672556 0.142927 0.295090
0.235364 0.035831 1.449641 -0.670283 0.313672 0.672556 0.286467 0.398646
2.599047 0.035831 0.865273 0.953278 0.302096 0.000000 0.019556 0.497215
2.599047 0.035831 1.424402 0.962404 0.266419 0.052918 0.044252 0.444516
2.698883 -0.279204 1.176372 0.959140 0.281207 0.031209 0.002002 0.453171
2.576288 -0.150655 2.294318 0.965254 0.249666 0.077142 0.030096 0.352976
2.615753 -0.330962 2.402465 0.965254 0.249666 0.077142 0.019344 0.333415
2.599047 0.035831 0.865273 0.000000 1.000000 0.000000 0.054573 0.502246
0.235364 0.035831 0.890512 0.000000 1.000000 0.000000 0.297138 0.455997
0.345267 0.035831 1.026965 0.000000 1.000000 0.000000 0.283318 0.443997
2.346427 0.035831 1.004502 0.000000 1.000000 0.000000 0.077976 0.483265
0.345267 0.035831 1.310413 0.000000 1.000000 0.000000 0.278083 0.414853
2.346427 0.035831 1.287949 0.000000 1.000000 0.000000 0.072741 0.454121
2.346427 0.035831 1.004502 -0.008994 0.096852 -0.995258 0.669752 0.709995
0.345267 0.035831 1.026965 -0.008994 0.096852 -0.995258 0.460726 0.713908
1.782891 1.290620 1.131701 -0.008994 0.096852 -0.995258 0.613211 0.842764
2.758200 1.290620 1.127268 -0.008994 0.096852 -0.995258 0.715080 0.840924
0.345267 0.035831 1.026965 -0.657575 0.753389 0.000000 0.413741 0.834520
0.345267 0.035831 1.310413 -0.657575 0.753389 0.000000 0.414142 0.864127
1.782891 1.290620 1.187646 -0.657575 0.753389 0.000000 0.613290 0.848608
1.782891 1.290620 1.131701 -0.657575 0.753389 0.000000 0.613211 0.842764
0.345267 0.035831 1.310413 0.009004 0.083697 0.996451 0.465452 0.982938
2.346427 0.035831 1.287949 0.009004 0.083697 0.996451 0.674478 0.979044
2.758200 1.290620 1.183213 0.009004 0.083697 0.996451 0.715159 0.846767
1.782891 1.290620 1.187646 0.009004 0.083697 0.996451 0.613290 0.848608
2.346427 0.035831 1.287949 0.950147 -0.311801 -0.000000 0.674478 0.979044
2.346427 0.035831 1.004502 0.950147 -0.311801 -0.000000 0.703379 0.985483
2.758200 1.290620 1.127268 0.950147 -0.311801 -0.000000 0.720863 0.848038
2.758200 1.290620 1.183213 0.950147 -0.311801 -0.000000 0.715159 0.846767
-0.436973 -0.597943 2.014163 -0.678778 0.068368 0.731154 0.092174 0.696617
2.453753 -0.620559 4.708600 -0.678778 0.068368 0.731154 0.504990 0.694171
2.473791 -0.521927 4.709305 -0.678778 0.068368 0.731154 0.506453 0.683771
-0.431162 -0.449666 2.014367 -0.678778 0.068368 0.731154 0.092451 0.681126
4.463035 -0.471608 0.607239 1.000000 0.000000 0.000000 0.820098 0.899968
4.463035 -0.664802 0.470310 1.000000 0.000000 0.000000 0.840280 0.885664
4.463035 -0.587481 0.414830 1.000000 0.000000 0.000000 0.832202 0.879868
4.463035 -0.471152 0.525773 1.000000 0.000000 0.000000 0.820050 0.891458
4.463035 -0.664802 0.000000 1.000000 0.000000 0.000000 0.840280 0.836534
4.463035 -0.587481 0.000000 1.000000 0.000000 0.000000 0.832202 0.836618
4.463035 0.015760 0.000000 1.000000 0.000000 0.000000 0.769185 0.836534
4.463035 0.015760 0.448528 1.000000 0.000000 0.000000 0.769185 0.883389
4.463035 -0.061561 0.392390 1.000000 0.000000 0.000000 0.777263 0.877524
4.463035 -0.061561 0.000000 1.000000 0.000000 0.000000 0.777263 0.836619
4.463035 -0.471152 0.525773 0.000000 0.690153 -0.723664 0.814415 0.827340
4.463035 -0.587481 0.414830 0.000000 0.690153 -0.723664 0.831208 0.827340
4.223117 -0.587481 0.414830 0.000000 0.690153 -0.723664 0.831208 0.788890
4.223117 -0.471152 0.525773 0.000000 0.690153 -0.723664 0.814415 0.788890
4.463035 -0.587481 0.414830 0.000000 1.000000 0.000000 0.831208 0.827340
4.463035 -0.587481 0.000000 0.000000 1.000000 0.000000 0.874458 0.827339
4.223117 -0.587481 0.000000 0.000000 1.000000 0.000000 0.874458 0.788890
4.223117 -0.587481 0.414830 0.000000 1.000000 0.000000 0.831208 0.788890
4.463035 -0.061561 0.000000 0.000000 -1.000000 -0.000000 0.728510 0.827340
4.463035 -0.061561 0.392390 0.000000 -1.000000 -0.000000 0.769416 0.827340
4.223117 -0.061561 0.392390 0.000000 -1.000000 -0.000000 0.769416 0.788890
4.223117 -0.061561 0.000000 0.000000 -1.000000 -0.000000 0.728510 0.788890
4.463035 -0.061561 0.392390 0.000000 -0.309645 -0.950852 0.769416 0.827340
4.463035 -0.471152 0.525773 0.000000 -0.309645 -0.950852 0.814415 0.827340
4.223117 -0.471152 0.525773 0.000000 -0.309645 -0.950852 0.814415 0.788890
4.223117 -0.061561 0.392390 0.000000 -0.309645 -0.950852 0.769416 0.788890
-4.463035 -1.242692 0.000000 -1.000000 0.000000 0.000000 0.863882 0.984559
-4.463035 -1.242692 0.211077 -1.000000 0.000000 0.000000 0.863881 0.962508
-4.463035 -1.172094 0.163431 -1.000000 0.000000 0.000000 0.856507 0.967486
-4.463035 -1.172094 0.000000 -1.000000 0.000000 0.000000 0.856507 0.984483
-4.463035 -0.803272 0.388337 -1.000000 0.000000 0.000000 0.817978 0.943991
-4.463035 -0.807024 0.310698 -1.000000 0.000000 0.000000 0.818369 0.952102
-4.463035 -0.536191 0.249296 -1.000000 0.000000 0.000000 0.790077 0.958516
-4.463035 -0.606789 0.206458 -1.000000 0.000000 0.000000 0.797452 0.962991
-4.463035 -0.536191 0.000000 -1.000000 0.000000 0.000000 0.790077 0.984559
-4.463035 -0.606789 0.000000 -1.000000 0.000000 0.000000 0.797452 0.984483
-4.463035 -1.172094 0.000000 0.000000 1.000000 0.000000 0.871713 0.935972
-4.463035 -1.172094 0.163431 0.000000 1.000000 0.000000 0.871713 0.918975
-4.223862 -1.172094 0.163431 0.000000 1.000000 0.000000 0.844315 0.918976
-4.223862 -1.172094 0.000000 0.000000 1.000000 0.000000 0.844315 0.935972
-4.463035 -1.172094 0.163431 0.000000 0.374104 -0.927387 0.871713 0.918975
-4.463035 -0.807024 0.310698 0.000000 0.374104 -0.927387 0.871712 0.877853
-4.223862 -0.807024 0.310698 0.000000 0.374104 -0.927387 0.844315 0.877853
-4.223862 -1.172094 0.163431 0.000000 0.374104 -0.927387 0.844315 0.918976
-4.463035 -0.807024 0.310698 0.000000 -0.461767 -0.887001 0.871712 0.877853
-4.463035 -0.606789 0.206458 0.000000 -0.461767 -0.887001 0.871712 0.854270
-4.223862 -0.606789 0.206458 0.000000 -0.461767 -0.887001 0.844314 0.854271
-4.223862 -0.807024 0.310698 0.000000 -0.461767 -0.887001 0.844315 0.877853
-4.463035 -0.606789 0.206458 0.000000 -1.000000 -0.000000 0.871712 0.854270
-4.463035 -0.606789 0.000000 0.000000 -1.000000 -0.000000 0.871712 0.832779
-4.223862 -0.606789 0.000000 0.000000 -1.000000 -0.000000 0.844314 0.832779
-4.223862 -0.606789 0.206458 0.000000 -1.000000 -0.000000 0.844314 0.854271
-0.486631 -0.284496 0.832147 -0.036014 0.928985 0.368361 0.379118 0.448823
-0.477417 -0.455149 1.295980 -0.036014 0.928985 0.368361 0.378493 0.397703
2.698883 -0.279204 1.176372 0.406318 0.911344 0.066019 0.393014 0.340403
2.473791 -0.521927 4.709305 0.005226 0.995046 0.099280 0.100512 0.112895
1.416335 -0.150655 2.653477 0.249450 0.584537 0.772069 0.142927 0.295090
1.422332 -0.330962 2.803664 0.249450 0.584538 0.772069 0.135562 0.271909
2.615753 -0.330962 2.402465 0.249450 0.584538 0.772069 0.019344 0.333415
2.576288 -0.150655 2.294318 0.249450 0.584538 0.772069 0.030096 0.352976
-0.477417 -0.455149 1.295980 -0.244601 0.052076 0.968224 0.378493 0.397703
0.115751 -0.325555 1.438861 -0.244601 0.052076 0.968224 0.308793 0.365960
0.235364 0.035831 1.449641 -0.244601 0.052076 0.968224 0.286467 0.398646
-0.618413 0.556882 0.457361 -0.141854 0.483355 0.863855 0.163031 0.751980
-4.223862 -0.807024 0.310698 -1.000000 0.000000 0.000000 0.806178 0.903592
4.223117 -0.471152 0.525773 1.000000 0.000000 0.000000 0.831500 0.729462
2.067113 0.514847 0.000000 0.669177 0.743103 0.000000 0.020370 0.886982
2.149552 0.440609 0.000000 0.669177 0.743103 0.000000 0.031959 0.886918
-2.028213 -1.290619 -0.677069 -0.003031 -0.999995 -0.000000 0.267761 0.599794
0.092647 -1.267598 -0.860053 0.032160 -0.999483 0.000000 0.489328 0.580678
-1.716724 0.275011 -0.320150 -0.248584 0.968610 0.000000 0.043861 0.738500
-0.618413 0.556882 -0.457361 -0.134329 0.990937 0.000000 0.162391 0.752178
4.223117 -0.587481 -0.414830 1.000000 0.000000 0.000000 0.819348 0.741051
4.223117 -0.061561 -0.392390 1.000000 0.000000 0.000000 0.874288 0.743395
-4.223862 -1.172094 -0.163431 -1.000000 0.000000 0.000000 0.844315 0.918976
-4.223862 -0.606789 -0.206458 -1.000000 0.000000 0.000000 0.785260 0.914481
2.599047 -1.136044 -0.834814 0.143020 -0.989720 0.000000 0.751291 0.583313
4.463035 -0.664802 -0.470310 0.245102 -0.969497 0.000000 0.952138 0.621389
-4.463035 -1.242692 -0.211077 -0.019681 -0.999806 -0.000000 0.013478 0.648474
0.751351 0.596797 -0.496201 0.016748 0.999860 0.000000 0.305564 0.755444
2.067113 0.514847 -0.477895 0.062163 0.998066 0.000000 0.443267 0.752771
2.453753 -0.620559 -4.708600 0.408035 -0.069074 -0.910349 0.504990 0.694171
2.473791 -0.521927 -4.709305 0.408035 -0.069074 -0.910349 0.506453 0.683771
3.597280 -0.521928 -4.203534 0.408035 -0.069074 -0.910349 0.635061 0.678626
3.585037 -0.613511 -4.204275 0.408035 -0.069074 -0.910349 0.634246 0.688242
-4.463035 -0.803272 -0.388337 -0.188258 -0.412495 -0.891295 0.016213 0.533118
-2.028213 -0.447788 -1.093241 -0.170430 -0.397280 -0.901733 0.275975 0.469760
-2.028213 -1.290619 -0.677069 -0.167160 -0.434537 -0.885006 0.275029 0.567920
-4.463035 -1.242692 -0.211077 -0.188258 -0.412495 -0.891295 0.016437 0.582556
0.092647 -1.267598 -0.860053 -0.037708 -0.717716 -0.695314 0.496987 0.561031
0.089722 -1.012311 -1.203758 -0.045944 -0.707054 -0.705666 0.499469 0.516382
2.567999 -0.900092 -1.181500 0.182575 -0.800935 -0.570237 0.758401 0.527396
2.599047 -1.136044 -0.834814 0.181684 -0.801063 -0.570340 0.758987 0.571316
3.092537 -0.663783 -1.228649 0.303452 -0.777016 -0.551509 0.816896 0.512743
4.463035 -0.664802 -0.470310 0.303452 -0.777016 -0.551510 0.962828 0.586745
4.463035 -0.471608 -0.607239 0.398196 0.284038 -0.872217 0.967351 0.563288
3.092537 -0.458500 -1.228649 0.205234 0.647938 -0.733523 0.826049 0.494401
4.463035 0.015760 -0.448528 0.346076 0.403753 -0.846885 0.996402 0.518310
2.698883 -0.279204 -1.176372 0.174325 0.690249 -0.702258 0.805205 0.453988
2.599047 0.035831 -0.865273 0.174325 0.690249 -0.702258 0.827450 0.412162
0.235364 0.035831 -0.890512 -0.503225 0.851629 -0.146603 0.297138 0.455997
0.235364 0.035831 -1.449641 -0.503225 0.851629 -0.146603 0.286467 0.398646
-0.477417 -0.455149 -1.295980 -0.503225 0.851629 -0.146603 0.378493 0.397703
-0.486631 -0.284496 -0.832147 -0.503225 0.851629 -0.146603 0.379118 0.448823
-0.477417 -0.455149 -1.295980 -0.155837 -0.384703 -0.909790 0.438799 0.462360
-0.477417 -0.596527 -1.295980 -0.136580 -0.501665 -0.854212 0.439901 0.475768
-0.477417 -0.596527 -1.295980 -0.136580 -0.501665 -0.854212 0.439585 0.475946
0.089722 -1.012311 -1.203758 -0.045944 -0.707054 -0.705666 0.499379 0.518015
0.089722 -1.012311 -1.203758 -0.258102 -0.953142 -0.157808 0.794338 0.355595
2.453753 -0.620559 -4.708600 0.004823 -0.994233 -0.107136 0.354474 0.298731
3.585037 -0.613511 -4.204275 0.080540 -0.994425 -0.068065 0.348617 0.169471
2.567999 -0.900092 -1.181500 0.188593 -0.981590 -0.030223 0.679892 0.123066
3.092537 -0.663783 -1.228649 0.414139 -0.908658 0.053193 0.648206 0.071762
3.092537 -0.663783 -1.228649 0.985400 -0.041050 0.165233 0.947278 0.724442
3.585037 -0.613511 -4.204275 0.985400 -0.041050 0.165233 0.634246 0.688242
3.597280 -0.521928 -4.203534 0.985400 -0.041050 0.165233 0.635057 0.678664
3.092537 -0.458500 -1.228649 0.985400 -0.041050 0.165233 0.949387 0.703120
3.092537 -0.458500 -1.228649 0.351481 0.935290 -0.041144 0.362484 0.374162
3.597280 -0.521928 -4.203534 0.067795 0.995509 -0.066074 0.077396 0.239528
2.615753 -0.330962 -2.402465 0.161041 0.986459 -0.031043 0.291451 0.261696
-0.477417 -0.455149 -1.295980 -0.214906 0.976614 -0.006384 0.569177 0.056714
0.115751 -0.325555 -1.438861 -0.152483 0.985983 -0.067726 0.521928 0.101583
-0.431162 -0.449666 -2.014367 -0.150698 0.985106 -0.082802 0.503753 0.019629
-0.477417 -0.455149 -1.295980 -0.997988 0.019979 -0.060173 0.017250 0.680634
-0.431162 -0.449666 -2.014367 -0.997988 0.019979 -0.060173 0.092451 0.681126
-0.436973 -0.597943 -2.014163 -0.997988 0.019979 -0.060173 0.092174 0.696617
-0.477417 -0.596527 -1.295980 -0.997988 0.019979 -0.060173 0.017041 0.695399
-0.477417 -0.596527 -1.295980 -0.587625 -0.808520 -0.031498 0.810277 0.427951
-0.436973 -0.597943 -2.014163 -0.376467 -0.900905 -0.215970 0.738504 0.450203
-2.028213 -0.447788 -1.093241 -0.130107 0.862945 -0.488261 0.540394 0.418696
-4.463035 -0.803272 -0.388337 -0.241247 0.748582 -0.617596 0.802183 0.472604
-4.463035 -0.536191 -0.249296 -0.241247 0.748582 -0.617596 0.797043 0.501257
-2.028213 -0.281936 -0.707528 -0.147712 0.847589 -0.509680 0.540164 0.461722
3.092537 -0.458500 -1.228649 0.428598 -0.293618 -0.854455 0.826049 0.494401
4.463035 -0.471608 -0.607239 0.428598 -0.293617 -0.854455 0.967238 0.563233
4.463035 -0.664802 -0.470310 0.428598 -0.293618 -0.854455 0.962828 0.586745
3.092537 -0.663783 -1.228649 0.428598 -0.293618 -0.854455 0.817003 0.512798
0.235364 0.035831 -0.890512 -0.079973 0.538915 -0.838555 0.256175 0.830174
0.751351 0.596797 -0.496201 0.004124 0.600600 -0.799539 0.305564 0.755444
2.067113 0.514847 -0.477895 0.022839 0.600905 -0.798995 0.443222 0.752772
2.599047 0.035831 -0.865273 0.022839 0.600905 -0.798995 0.502528 0.813598
-2.028213 -0.281936 -0.707528 -0.137108 0.487589 -0.862240 0.008942 0.831945
-1.716724 0.275011 -0.320150 -0.137108 0.487589 -0.862240 0.044767 0.763554
-0.618413 0.556882 -0.457361 -0.141854 0.483355 -0.863855 0.163071 0.752602
-0.486631 -0.284496 -0.832147 -0.185901 0.428239 -0.884337 0.169232 0.848982
-0.618413 0.556882 -0.457361 -0.141854 0.483355 -0.863855 0.163131 0.752067
-3.880557 -0.468637 -0.267983 -0.094120 0.994435 0.047336 0.895154 0.334028
-4.463035 -0.536191 -0.249296 -0.112433 0.993640 0.006263 0.901844 0.394949
-2.035070 -0.308166 -0.593677 -0.083194 0.993958 0.071596 0.901609 0.137730
-2.028213 -0.281936 -0.707528 -0.083194 0.993958 0.071596 0.913239 0.135039
-2.028213 -0.281936 -0.707528 -0.882044 0.470594 0.023235 0.913239 0.135039
-2.035070 -0.308166 -0.593677 -0.882044 0.470594 0.023235 0.901333 0.137793
-1.770876 0.178186 -0.257715 -0.877511 0.479416 0.011619 0.866236 0.079977
-1.716724 0.275011 -0.320150 -0.877511 0.479416 0.011619 0.872751 0.068390
-1.770876 0.178186 -0.257715 -0.293130 0.956073 -0.000000 0.842103 0.102473
-3.880557 -0.468637 -0.267983 -0.293130 0.956073 -0.000000 0.843182 0.332986
-2.035070 -0.308166 -0.593677 -0.188036 0.625321 -0.757374 0.895750 0.143665
-3.880557 -0.468637 -0.267983 -0.188036 0.625321 -0.757374 0.843182 0.332986
-1.770876 0.178186 -0.257715 -0.188036 0.625321 -0.757374 0.842103 0.102473
2.067113 0.514847 -0.477895 0.675053 0.737692 0.010654 0.020646 0.936904
2.149552 0.440609 -0.411788 0.675053 0.737692 0.010654 0.032197 0.929935
2.610043 0.017909 -0.750043 0.365110 0.930896 0.011256 0.097687 0.964908
2.599047 0.035831 -0.865273 0.364965 0.930953 0.011252 0.095647 0.976957
2.610043 0.017909 -0.750043 0.365110 0.930896 0.011256 0.097666 0.965035
3.706125 0.034606 -0.474645 0.009359 0.999956 -0.000183 0.213946 0.944621
4.463035 0.015760 -0.448528 0.022431 0.999748 -0.000029 0.293008 0.947619
3.706125 0.034606 -0.474645 0.252387 0.967626 0.000000 0.209413 0.914627
2.149552 0.440609 -0.411788 0.252387 0.967626 0.000000 0.041333 0.908991
2.610043 0.017909 -0.750043 0.159592 0.716923 -0.678640 0.098818 0.955980
2.149552 0.440609 -0.411788 0.159592 0.716923 -0.678640 0.041333 0.908991
3.706125 0.034606 -0.474645 0.159592 0.716923 -0.678640 0.209413 0.914627
1.422332 -0.330962 -2.803664 -0.078634 0.987250 -0.138402 0.327434 0.135189
2.473791 -0.521927 -4.709305 0.005226 0.995046 -0.099280 0.100291 0.112873
2.758200 1.290620 -1.127268 0.000000 1.000000 0.000000 0.715080 0.840924
2.758200 1.290620 -1.183213 0.000000 1.000000 0.000000 0.715159 0.846767
1.782891 1.290620 -1.187646 0.000000 1.000000 0.000000 0.613290 0.848608
1.782891 1.290620 -1.131701 0.000000 1.000000 0.000000 0.613211 0.842764
2.599047 0.035831 -1.424402 0.009011 0.996542 -0.082598 0.044252 0.444516
2.576288 -0.150655 -2.294318 0.018231 0.985769 -0.167112 0.030096 0.352976
1.416335 -0.150655 -2.653478 0.018231 0.985769 -0.167112 0.142927 0.295090
0.235364 0.035831 -1.449641 0.006258 0.998334 -0.057363 0.286467 0.398646
0.115751 -0.325555 -1.438861 -0.670283 0.313672 -0.672556 0.308793 0.365960
0.235364 0.035831 -1.449641 -0.670283 0.313672 -0.672556 0.286467 0.398646
1.416335 -0.150655 -2.653478 -0.670283 0.313672 -0.672556 0.142927 0.295090
1.422332 -0.330962 -2.803664 -0.670283 0.313672 -0.672556 0.135562 0.271909
2.599047 0.035831 -0.865273 0.953278 0.302096 0.000000 0.019556 0.497215
2.698883 -0.279204 -1.176372 0.959140 0.281207 -0.031209 0.002002 0.453171
2.599047 0.035831 -1.424402 0.962404 0.266419 -0.052918 0.044252 0.444516
2.615753 -0.330962 -2.402465 0.965254 0.249666 -0.077142 0.019344 0.333415
2.576288 -0.150655 -2.294318 0.965254 0.249666 -0.077142 0.030096 0.352976
2.599047 0.035831 -0.865273 0.000000 1.000000 0.000000 0.054573 0.502246
2.346427 0.035831 -1.004502 0.000000 1.000000 0.000000 0.077976 0.483265
0.345267 0.035831 -1.026965 0.000000 1.000000 0.000000 0.283318 0.443997
0.235364 0.035831 -0.890512 0.000000 1.000000 0.000000 0.297138 0.455997
0.345267 0.035831 -1.310413 0.000000 1.000000 0.000000 0.278083 0.414853
2.346427 0.035831 -1.287949 0.000000 1.000000 0.000000 0.072741 0.454121
2.346427 0.035831 -1.004502 -0.008994 0.096852 0.995258 0.669752 0.709995
2.758200 1.290620 -1.127268 -0.008994 0.096852 0.995258 0.715080 0.840924
1.782891 1.290620 -1.131701 -0.008994 0.096852 0.995258 0.613211 0.842764
0.345267 0.035831 -1.026965 -0.008994 0.096852 0.995258 0.460726 0.713908
0.345267 0.035831 -1.026965 -0.657575 0.753389 0.000000 0.413741 0.834520
1.782891 1.290620 -1.131701 -0.657575 0.753389 0.000000 0.613211 0.842764
1.782891 1.290620 -1.187646 -0.657575 0.753389 0.000000 0.613290 0.848608
0.345267 0.035831 -1.310413 -0.657575 0.753389 0.000000 0.414142 0.864127
0.345267 0.035831 -1.310413 0.009004 0.083697 -0.996451 0.465452 0.982938
1.782891 1.290620 -1.187646 0.009004 0.083697 -0.996451 0.613290 0.848608
2.758200 1.290620 -1.183213 0.009004 0.083697 -0.996451 0.715159 0.846767
2.346427 0.035831 -1.287949 0.009004 0.083697 -0.996451 0.674478 0.979044
2.346427 0.035831 -1.287949 0.950147 -0.311801 -0.000000 0.674478 0.979044
2.758200 1.290620 -1.183213 0.950147 -0.311801 -0.000000 0.715159 0.846767
2.758200 1.290620 -1.127268 0.950147 -0.311801 -0.000000 0.720863 0.848038
2.346427 0.035831 -1.004502 0.950147 -0.311801 -0.000000 0.703379 0.985483
-0.436973 -0.597943 -2.014163 -0.678778 0.068368 -0.731154 0.092174 0.696617
-0.431162 -0.449666 -2.014367 -0.678778 0.068368 -0.731154 0.092451 0.681126
2.473791 -0.521927 -4.709305 -0.678778 0.068368 -0.731154 0.506453 0.683771
2.453753 -0.620559 -4.708600 -0.678778 0.068368 -0.731154 0.504990 0.694171
4.463035 -0.471608 -0.607239 1.000000 0.000000 0.000000 0.820098 0.899968
4.463035 -0.471152 -0.525773 1.000000 0.000000 0.000000 0.820050 0.891458
4.463035 -0.587481 -0.414830 1.000000 0.000000 0.000000 0.832202 0.879868
4.463035 -0.664802 -0.470310 1.000000 0.000000 0.000000 0.840280 0.885664
4.463035 -0.061561 -0.392390 1.000000 0.000000 0.000000 0.777263 0.877524
4.463035 0.015760 -0.448528 1.000000 0.000000 0.000000 0.769185 0.883389
4.463035 -0.471152 -0.525773 0.000000 0.690153 0.723664 0.814415 0.827340
4.223117 -0.471152 -0.525773 0.000000 0.690153 0.723664 0.814415 0.788890
4.223117 -0.587481 -0.414830 0.000000 0.690153 0.723664 0.831208 0.788890
4.463035 -0.587481 -0.414830 0.000000 0.690153 0.723664 0.831208 0.827340
4.463035 -0.587481 -0.414830 0.000000 1.000000 0.000000 0.831208 0.827340
4.223117 -0.587481 -0.414830 0.000000 1.000000 0.000000 0.831208 0.788890
4.223117 -0.061561 -0.392390 0.000000 -1.000000 -0.000000 0.769416 0.788890
4.463035 -0.061561 -0.392390 0.000000 -1.000000 -0.000000 0.769416 0.827340
4.463035 -0.061561 -0.392390 0.000000 -0.309645 0.950852 0.769416 0.827340
4.223117 -0.061561 -0.392390 0.000000 -0.309645 0.950852 0.769416 0.788890
4.223117 -0.471152 -0.525773 0.000000 -0.309645 0.950852 0.814415 0.788890
4.463035 -0.471152 -0.525773 0.000000 -0.309645 0.950852 0.814415 0.827340
-4.463035 -1.172094 -0.163431 -1.000000 0.000000 0.000000 0.856507 0.967486
-4.463035 -1.242692 -0.211077 -1.000000 0.000000 0.000000 0.863881 0.962508
-4.463035 -0.807024 -0.310698 -1.000000 0.000000 0.000000 0.818369 0.952102
-4.463035 -0.803272 -0.388337 -1.000000 0.000000 0.000000 0.817978 0.943991
-4.463035 -0.606789 -0.206458 -1.000000 0.000000 0.000000 0.797452 0.962991
-4.463035 -0.536191 -0.249296 -1.000000 0.000000 0.000000 0.790077 0.958516
-4.223862 -1.172094 -0.163431 0.000000 1.000000 0.000000 0.844315 0.918976
-4.463035 -1.172094 -0.163431 0.000000 1.000000 0.000000 0.871713 0.918975
-4.463035 -1.172094 -0.163431 0.000000 0.374104 0.927387 0.871713 0.918975
-4.223862 -1.172094 -0.163431 0.000000 0.374104 0.927387 0.844315 0.918976
-4.223862 -0.807024 -0.310698 0.000000 0.374104 0.927387 0.844315 0.877853
-4.463035 -0.807024 -0.310698 0.000000 0.374104 0.927387 0.871712 0.877853
-4.463035 -0.807024 -0.310698 0.000000 -0.461767 0.887001 0.871712 0.877853
-4.223862 -0.807024 -0.310698 0.000000 -0.461767 0.887001 0.844315 0.877853
-4.223862 -0.606789 -0.206458 0.000000 -0.461767 0.887001 0.844314 0.854271
-4.463035 -0.606789 -0.206458 0.000000 -0.461767 0.887001 0.871712 0.854270
-4.463035 -0.606789 -0.206458 0.000000 -1.000000 -0.000000 0.871712 0.854270
-4.223862 -0.606789 -0.206458 0.000000 -1.000000 -0.000000 0.844314 0.854271
-0.486631 -0.284496 -0.832147 -0.036014 0.928985 -0.368361 0.379118 0.448823
-0.477417 -0.455149 -1.295980 -0.036014 0.928985 -0.368361 0.378493 0.397703
2.698883 -0.279204 -1.176372 0.406318 0.911344 -0.066019 0.393014 0.340403
2.473791 -0.521927 -4.709305 0.005226 0.995046 -0.099280 0.100512 0.112895
1.416335 -0.150655 -2.653478 0.249450 0.584538 -0.772069 0.142927 0.295090
2.576288 -0.150655 -2.294318 0.249450 0.584537 -0.772069 0.030096 0.352976
2.615753 -0.330962 -2.402465 0.249450 0.584537 -0.772069 0.019344 0.333415
1.422332 -0.330962 -2.803664 0.249450 0.584538 -0.772069 0.135562 0.271909
-0.477417 -0.455149 -1.295980 -0.244601 0.052076 -0.968224 0.378493 0.397703
0.235364 0.035831 -1.449641 -0.244601 0.052076 -0.968224 0.286467 0.398646
0.115751 -0.325555 -1.438861 -0.244601 0.052076 -0.968224 0.308793 0.365960
-0.618413 0.556882 -0.457361 -0.141854 0.483355 -0.863855 0.163031 0.751980
-4.223862 -0.807024 -0.310698 -1.000000 0.000000 0.000000 0.806178 0.903592
4.223117 -0.471152 -0.525773 1.000000 0.000000 0.000000 0.831500 0.729462
0 1 2
0 2 3
4 5 6
4 6 7
8 9 10
8 10 11
12 13 14
12 14 15
16 17 18
16 18 19
1 16 19
1 19 2
3 20 21
3 21 0
22 23 24
22 24 25
26 27 28
26 28 29
30 31 32
30 32 33
34 35 36
34 36 37
35 38 39
35 39 36
40 41 42
41 43 44
41 44 42
45 46 47
45 47 48
33 32 49
33 49 50
32 34 51
32 51 52
53 54 55
53 55 56
54 57 55
58 59 60
58 60 61
62 63 64
65 66 67
68 69 70
68 70 71
72 53 73
74 75 76
74 76 77
78 79 80
78 80 81
82 83 84
82 84 85
86 87 88
86 88 89
82 85 90
5 22 25
5 25 6
91 92 93
91 93 94
92 95 96
92 96 93
97 98 99
97 99 100
98 101 102
98 102 99
103 104 105
103 105 106
107 108 109
110 111 112
110 112 113
111 114 115
111 115 116
114 117 118
114 118 115
119 120 121
119 121 122
123 124 125
126 127 64
126 64 63
128 129 130
128 130 131
132 133 134
132 134 135
136 137 138
136 138 139
140 141 142
141 143 144
141 144 142
145 146 147
145 147 148
146 133 149
146 149 147
133 132 150
133 150 149
132 145 148
132 148 150
151 152 153
151 153 154
155 156 157
155 157 158
159 160 161
159 161 162
163 164 165
163 165 166
66 126 67
167 168 169
167 169 170
53 56 73
171 172 173
171 173 174
172 175 176
172 176 173
177 178 179
177 179 180
178 171 174
178 174 179
181 182 183
181 183 184
185 186 187
185 187 188
189 190 191
189 191 192
193 194 195
193 195 196
197 198 199
197 199 200
198 201 202
198 202 199
201 203 204
201 204 202
203 205 206
203 206 204
207 208 209
207 209 210
211 212 213
211 213 214
215 216 217
215 217 218
219 220 221
219 221 222
223 75 74
223 74 224
62 225 63
66 226 126
227 228 229
227 229 230
231 232 233
87 82 234
12 235 13
10 236 11
237 110 113
237 113 238
0 239 240
0 240 1
241 7 6
241 6 242
8 243 244
8 244 9
245 15 14
245 14 246
16 247 248
16 248 17
1 240 247
1 247 16
239 0 21
239 21 249
250 25 24
250 24 251
252 253 254
252 254 255
256 257 258
256 258 259
260 261 262
260 262 263
263 262 264
263 264 265
266 267 268
268 267 269
268 269 270
271 272 273
271 273 274
257 275 276
257 276 258
258 277 278
258 278 260
279 280 281
279 281 282
282 281 283
284 285 286
284 286 287
288 289 290
291 292 293
294 295 296
294 296 297
298 299 279
300 301 302
300 302 303
304 305 306
304 306 307
308 309 310
308 310 311
312 313 314
312 314 315
308 316 309
242 6 25
242 25 250
91 94 317
91 317 318
318 317 319
318 319 320
321 322 323
321 323 324
324 323 102
324 102 101
325 326 105
325 105 104
327 328 329
330 331 332
330 332 333
333 334 335
333 335 336
336 335 118
336 118 117
337 338 121
337 121 120
339 340 341
342 290 289
342 289 343
344 345 346
344 346 347
348 349 350
348 350 351
352 353 354
352 354 355
356 357 358
358 357 359
358 359 360
361 362 363
361 363 364
364 363 365
364 365 351
351 365 366
351 366 348
348 366 362
348 362 361
367 368 369
367 369 370
371 372 373
371 373 374
375 376 377
375 377 378
379 380 381
379 381 382
293 292 342
383 384 385
383 385 386
279 299 280
387 388 389
387 389 390
390 389 176
390 176 175
177 180 391
177 391 392
392 391 388
392 388 387
393 394 395
393 395 396
397 398 187
397 187 186
189 192 399
189 399 400
401 402 403
401 403 404
197 200 405
197 405 406
406 405 407
406 407 408
408 407 409
408 409 410
410 409 206
410 206 205
207 210 411
207 411 412
413 414 415
413 415 416
417 418 419
417 419 420
421 422 221
421 221 220
423 424 300
423 300 303
288 290 425
293 342 426
427 428 429
427 429 430
431 432 433
315 434 308
245 246 435
244 243 436
237 238 331
237 331 330
VertexWeights: 0

space_ship.png

